APERTURE GLOBAL
DOMAIN 0 9216
FIBERMODE HR
FIBERPOS SCI
NAPER 122
NOTES Created_by_DMK_on_20230824
NPROFPAR 2
POLY NUMPY_POLY
POLYORDER 10
PROFILE TOP_HAT_GAUSSIAN
PROFPAR FWHM_BOXWIDTH
WINDOW -1 1

APERTURE 0
COEFF_1 0.0 0.0 0.0 0.0 0.0 0.0 0.0 0.0 0.0 0.0 0.0
COEFF_2 0.0 0.0 0.0 0.0 0.0 0.0 0.0 0.0 0.0 0.0 0.0
NCOEFF 11
ORDER 173
XCENTER 0

APERTURE 1
COEFF_1 0.0 0.0 0.0 0.0 0.0 0.0 0.0 0.0 0.0 0.0 0.0
COEFF_2 0.0 0.0 0.0 0.0 0.0 0.0 0.0 0.0 0.0 0.0 0.0
NCOEFF 11
ORDER 172
XCENTER 0

APERTURE 2
COEFF_1 0.0 0.0 0.0 0.0 0.0 0.0 0.0 0.0 0.0 0.0 0.0
COEFF_2 0.0 0.0 0.0 0.0 0.0 0.0 0.0 0.0 0.0 0.0 0.0
NCOEFF 11
ORDER 171
XCENTER 0

APERTURE 3
COEFF_1 0.0 0.0 0.0 0.0 0.0 0.0 0.0 0.0 0.0 0.0 0.0
COEFF_2 0.0 0.0 0.0 0.0 0.0 0.0 0.0 0.0 0.0 0.0 0.0
NCOEFF 11
ORDER 170
XCENTER 0

APERTURE 4
COEFF_1 0.0 0.0 0.0 0.0 0.0 0.0 0.0 0.0 0.0 0.0 0.0
COEFF_2 0.0 0.0 0.0 0.0 0.0 0.0 0.0 0.0 0.0 0.0 0.0
NCOEFF 11
ORDER 169
XCENTER 0

APERTURE 5
COEFF_1 0.0 0.0 0.0 0.0 0.0 0.0 0.0 0.0 0.0 0.0 0.0
COEFF_2 0.0 0.0 0.0 0.0 0.0 0.0 0.0 0.0 0.0 0.0 0.0
NCOEFF 11
ORDER 168
XCENTER 0

APERTURE 6
COEFF_1 0.0 0.0 0.0 0.0 0.0 0.0 0.0 0.0 0.0 0.0 0.0
COEFF_2 0.0 0.0 0.0 0.0 0.0 0.0 0.0 0.0 0.0 0.0 0.0
NCOEFF 11
ORDER 167
XCENTER 0

APERTURE 7
COEFF_1 0.0 0.0 0.0 0.0 0.0 0.0 0.0 0.0 0.0 0.0 0.0
COEFF_2 0.0 0.0 0.0 0.0 0.0 0.0 0.0 0.0 0.0 0.0 0.0
NCOEFF 11
ORDER 166
XCENTER 0

APERTURE 8
COEFF_1 0.0 0.0 0.0 0.0 0.0 0.0 0.0 0.0 0.0 0.0 0.0
COEFF_2 0.0 0.0 0.0 0.0 0.0 0.0 0.0 0.0 0.0 0.0 0.0
NCOEFF 11
ORDER 165
XCENTER 0

APERTURE 9
COEFF_1 0.0 0.0 0.0 0.0 0.0 0.0 0.0 0.0 0.0 0.0 0.0
COEFF_2 0.0 0.0 0.0 0.0 0.0 0.0 0.0 0.0 0.0 0.0 0.0
NCOEFF 11
ORDER 164
XCENTER 0

APERTURE 10
COEFF_1 0.0 0.0 0.0 0.0 0.0 0.0 0.0 0.0 0.0 0.0 0.0
COEFF_2 0.0 0.0 0.0 0.0 0.0 0.0 0.0 0.0 0.0 0.0 0.0
NCOEFF 11
ORDER 163
XCENTER 0

APERTURE 11
COEFF_1 0.0 0.0 0.0 0.0 0.0 0.0 0.0 0.0 0.0 0.0 0.0
COEFF_2 0.0 0.0 0.0 0.0 0.0 0.0 0.0 0.0 0.0 0.0 0.0
NCOEFF 11
ORDER 162
XCENTER 0

APERTURE 12
COEFF_1 0.0 0.0 0.0 0.0 0.0 0.0 0.0 0.0 0.0 0.0 0.0
COEFF_2 0.0 0.0 0.0 0.0 0.0 0.0 0.0 0.0 0.0 0.0 0.0
NCOEFF 11
ORDER 161
XCENTER 0

APERTURE 13
COEFF_1 0.0 0.0 0.0 0.0 0.0 0.0 0.0 0.0 0.0 0.0 0.0
COEFF_2 0.0 0.0 0.0 0.0 0.0 0.0 0.0 0.0 0.0 0.0 0.0
NCOEFF 11
ORDER 160
XCENTER 0

APERTURE 14
COEFF_1 0.0 0.0 0.0 0.0 0.0 0.0 0.0 0.0 0.0 0.0 0.0
COEFF_2 0.0 0.0 0.0 0.0 0.0 0.0 0.0 0.0 0.0 0.0 0.0
NCOEFF 11
ORDER 159
XCENTER 0

APERTURE 15
COEFF_1 0.0 0.0 0.0 0.0 0.0 0.0 0.0 0.0 0.0 0.0 0.0
COEFF_2 0.0 0.0 0.0 0.0 0.0 0.0 0.0 0.0 0.0 0.0 0.0
NCOEFF 11
ORDER 158
XCENTER 0

APERTURE 16
COEFF_1 0.0 0.0 0.0 0.0 0.0 0.0 0.0 0.0 0.0 0.0 0.0
COEFF_2 0.0 0.0 0.0 0.0 0.0 0.0 0.0 0.0 0.0 0.0 0.0
NCOEFF 11
ORDER 157
XCENTER 0

APERTURE 17
COEFF_1 0.0 0.0 0.0 0.0 0.0 0.0 0.0 0.0 0.0 0.0 0.0
COEFF_2 0.0 0.0 0.0 0.0 0.0 0.0 0.0 0.0 0.0 0.0 0.0
NCOEFF 11
ORDER 156
XCENTER 0

APERTURE 18
COEFF_1 0.0 0.0 0.0 0.0 0.0 0.0 0.0 0.0 0.0 0.0 0.0
COEFF_2 0.0 0.0 0.0 0.0 0.0 0.0 0.0 0.0 0.0 0.0 0.0
NCOEFF 11
ORDER 155
XCENTER 0

APERTURE 19
COEFF_1 0.0 0.0 0.0 0.0 0.0 0.0 0.0 0.0 0.0 0.0 0.0
COEFF_2 0.0 0.0 0.0 0.0 0.0 0.0 0.0 0.0 0.0 0.0 0.0
NCOEFF 11
ORDER 154
XCENTER 0

APERTURE 20
COEFF_1 0.0 0.0 0.0 0.0 0.0 0.0 0.0 0.0 0.0 0.0 0.0
COEFF_2 0.0 0.0 0.0 0.0 0.0 0.0 0.0 0.0 0.0 0.0 0.0
NCOEFF 11
ORDER 153
XCENTER 0

APERTURE 21
COEFF_1 0.0 0.0 0.0 0.0 0.0 0.0 0.0 0.0 0.0 0.0 0.0
COEFF_2 0.0 0.0 0.0 0.0 0.0 0.0 0.0 0.0 0.0 0.0 0.0
NCOEFF 11
ORDER 152
XCENTER 0

APERTURE 22
COEFF_1 0.0 0.0 0.0 0.0 0.0 0.0 0.0 0.0 0.0 0.0 0.0
COEFF_2 0.0 0.0 0.0 0.0 0.0 0.0 0.0 0.0 0.0 0.0 0.0
NCOEFF 11
ORDER 151
XCENTER 0

APERTURE 23
COEFF_1 0.0 0.0 0.0 0.0 0.0 0.0 0.0 0.0 0.0 0.0 0.0
COEFF_2 0.0 0.0 0.0 0.0 0.0 0.0 0.0 0.0 0.0 0.0 0.0
NCOEFF 11
ORDER 150
XCENTER 0

APERTURE 24
COEFF_1 0.0 0.0 0.0 0.0 0.0 0.0 0.0 0.0 0.0 0.0 0.0
COEFF_2 0.0 0.0 0.0 0.0 0.0 0.0 0.0 0.0 0.0 0.0 0.0
NCOEFF 11
ORDER 149
XCENTER 0

APERTURE 25
COEFF_1 0.0 0.0 0.0 0.0 0.0 0.0 0.0 0.0 0.0 0.0 0.0
COEFF_2 0.0 0.0 0.0 0.0 0.0 0.0 0.0 0.0 0.0 0.0 0.0
NCOEFF 11
ORDER 148
XCENTER 0

APERTURE 26
COEFF_1 0.0 0.0 0.0 0.0 0.0 0.0 0.0 0.0 0.0 0.0 0.0
COEFF_2 0.0 0.0 0.0 0.0 0.0 0.0 0.0 0.0 0.0 0.0 0.0
NCOEFF 11
ORDER 147
XCENTER 0

APERTURE 27
COEFF_1 0.0 0.0 0.0 0.0 0.0 0.0 0.0 0.0 0.0 0.0 0.0
COEFF_2 0.0 0.0 0.0 0.0 0.0 0.0 0.0 0.0 0.0 0.0 0.0
NCOEFF 11
ORDER 146
XCENTER 0

APERTURE 28
COEFF_1 0.0 0.0 0.0 0.0 0.0 0.0 0.0 0.0 0.0 0.0 0.0
COEFF_2 0.0 0.0 0.0 0.0 0.0 0.0 0.0 0.0 0.0 0.0 0.0
NCOEFF 11
ORDER 145
XCENTER 0

APERTURE 29
COEFF_1 0.0 0.0 0.0 0.0 0.0 0.0 0.0 0.0 0.0 0.0 0.0
COEFF_2 0.0 0.0 0.0 0.0 0.0 0.0 0.0 0.0 0.0 0.0 0.0
NCOEFF 11
ORDER 144
XCENTER 0

APERTURE 30
COEFF_1 0.0 0.0 0.0 0.0 0.0 0.0 0.0 0.0 0.0 0.0 0.0
COEFF_2 0.0 0.0 0.0 0.0 0.0 0.0 0.0 0.0 0.0 0.0 0.0
NCOEFF 11
ORDER 143
XCENTER 0

APERTURE 31
COEFF_1 0.0 0.0 0.0 0.0 0.0 0.0 0.0 0.0 0.0 0.0 0.0
COEFF_2 0.0 0.0 0.0 0.0 0.0 0.0 0.0 0.0 0.0 0.0 0.0
NCOEFF 11
ORDER 142
XCENTER 0

APERTURE 32
COEFF_1 0.0 0.0 0.0 0.0 0.0 0.0 0.0 0.0 0.0 0.0 0.0
COEFF_2 0.0 0.0 0.0 0.0 0.0 0.0 0.0 0.0 0.0 0.0 0.0
NCOEFF 11
ORDER 141
XCENTER 0

APERTURE 33
COEFF_1 0.0 0.0 0.0 0.0 0.0 0.0 0.0 0.0 0.0 0.0 0.0
COEFF_2 0.0 0.0 0.0 0.0 0.0 0.0 0.0 0.0 0.0 0.0 0.0
NCOEFF 11
ORDER 140
XCENTER 0

APERTURE 34
COEFF_1 0.0 0.0 0.0 0.0 0.0 0.0 0.0 0.0 0.0 0.0 0.0
COEFF_2 0.0 0.0 0.0 0.0 0.0 0.0 0.0 0.0 0.0 0.0 0.0
NCOEFF 11
ORDER 139
XCENTER 0

APERTURE 35
COEFF_1 0.0 0.0 0.0 0.0 0.0 0.0 0.0 0.0 0.0 0.0 0.0
COEFF_2 0.0 0.0 0.0 0.0 0.0 0.0 0.0 0.0 0.0 0.0 0.0
NCOEFF 11
ORDER 138
XCENTER 0

APERTURE 36
COEFF_1 0.0 0.0 0.0 0.0 0.0 0.0 0.0 0.0 0.0 0.0 0.0
COEFF_2 0.0 0.0 0.0 0.0 0.0 0.0 0.0 0.0 0.0 0.0 0.0
NCOEFF 11
ORDER 137
XCENTER 0

APERTURE 37
COEFF_1 0.0 0.0 0.0 0.0 0.0 0.0 0.0 0.0 0.0 0.0 0.0
COEFF_2 0.0 0.0 0.0 0.0 0.0 0.0 0.0 0.0 0.0 0.0 0.0
NCOEFF 11
ORDER 136
XCENTER 0

APERTURE 38
COEFF_1 0.0 0.0 0.0 0.0 0.0 0.0 0.0 0.0 0.0 0.0 0.0
COEFF_2 0.0 0.0 0.0 0.0 0.0 0.0 0.0 0.0 0.0 0.0 0.0
NCOEFF 11
ORDER 135
XCENTER 0

APERTURE 39
COEFF_1 0.0 0.0 0.0 0.0 0.0 0.0 0.0 0.0 0.0 0.0 0.0
COEFF_2 0.0 0.0 0.0 0.0 0.0 0.0 0.0 0.0 0.0 0.0 0.0
NCOEFF 11
ORDER 134
XCENTER 0

APERTURE 40
COEFF_1 0.0 0.0 0.0 0.0 0.0 0.0 0.0 0.0 0.0 0.0 0.0
COEFF_2 0.0 0.0 0.0 0.0 0.0 0.0 0.0 0.0 0.0 0.0 0.0
NCOEFF 11
ORDER 133
XCENTER 0

APERTURE 41
COEFF_1 0.0 0.0 0.0 0.0 0.0 0.0 0.0 0.0 0.0 0.0 0.0
COEFF_2 0.0 0.0 0.0 0.0 0.0 0.0 0.0 0.0 0.0 0.0 0.0
NCOEFF 11
ORDER 132
XCENTER 0

APERTURE 42
COEFF_1 0.0 0.0 0.0 0.0 0.0 0.0 0.0 0.0 0.0 0.0 0.0
COEFF_2 0.0 0.0 0.0 0.0 0.0 0.0 0.0 0.0 0.0 0.0 0.0
NCOEFF 11
ORDER 131
XCENTER 0

APERTURE 43
COEFF_1 0.0 0.0 0.0 0.0 0.0 0.0 0.0 0.0 0.0 0.0 0.0
COEFF_2 0.0 0.0 0.0 0.0 0.0 0.0 0.0 0.0 0.0 0.0 0.0
NCOEFF 11
ORDER 130
XCENTER 0

APERTURE 44
COEFF_1 0.0 0.0 0.0 0.0 0.0 0.0 0.0 0.0 0.0 0.0 0.0
COEFF_2 0.0 0.0 0.0 0.0 0.0 0.0 0.0 0.0 0.0 0.0 0.0
NCOEFF 11
ORDER 129
XCENTER 0

APERTURE 45
COEFF_1 0.0 0.0 0.0 0.0 0.0 0.0 0.0 0.0 0.0 0.0 0.0
COEFF_2 0.0 0.0 0.0 0.0 0.0 0.0 0.0 0.0 0.0 0.0 0.0
NCOEFF 11
ORDER 128
XCENTER 0

APERTURE 46
COEFF_1 0.0 0.0 0.0 0.0 0.0 0.0 0.0 0.0 0.0 0.0 0.0
COEFF_2 0.0 0.0 0.0 0.0 0.0 0.0 0.0 0.0 0.0 0.0 0.0
NCOEFF 11
ORDER 127
XCENTER 0

APERTURE 47
COEFF_1 0.0 0.0 0.0 0.0 0.0 0.0 0.0 0.0 0.0 0.0 0.0
COEFF_2 0.0 0.0 0.0 0.0 0.0 0.0 0.0 0.0 0.0 0.0 0.0
NCOEFF 11
ORDER 126
XCENTER 0

APERTURE 48
COEFF_1 0.0 0.0 0.0 0.0 0.0 0.0 0.0 0.0 0.0 0.0 0.0
COEFF_2 0.0 0.0 0.0 0.0 0.0 0.0 0.0 0.0 0.0 0.0 0.0
NCOEFF 11
ORDER 125
XCENTER 0

APERTURE 49
COEFF_1 0.0 0.0 0.0 0.0 0.0 0.0 0.0 0.0 0.0 0.0 0.0
COEFF_2 0.0 0.0 0.0 0.0 0.0 0.0 0.0 0.0 0.0 0.0 0.0
NCOEFF 11
ORDER 124
XCENTER 0

APERTURE 50
COEFF_1 0.0 0.0 0.0 0.0 0.0 0.0 0.0 0.0 0.0 0.0 0.0
COEFF_2 0.0 0.0 0.0 0.0 0.0 0.0 0.0 0.0 0.0 0.0 0.0
NCOEFF 11
ORDER 123
XCENTER 0

APERTURE 51
COEFF_1 0.0 0.0 0.0 0.0 0.0 0.0 0.0 0.0 0.0 0.0 0.0
COEFF_2 0.0 0.0 0.0 0.0 0.0 0.0 0.0 0.0 0.0 0.0 0.0
NCOEFF 11
ORDER 122
XCENTER 0

APERTURE 52
COEFF_1 0.0 0.0 0.0 0.0 0.0 0.0 0.0 0.0 0.0 0.0 0.0
COEFF_2 0.0 0.0 0.0 0.0 0.0 0.0 0.0 0.0 0.0 0.0 0.0
NCOEFF 11
ORDER 121
XCENTER 0

APERTURE 53
COEFF_1 0.0 0.0 0.0 0.0 0.0 0.0 0.0 0.0 0.0 0.0 0.0
COEFF_2 0.0 0.0 0.0 0.0 0.0 0.0 0.0 0.0 0.0 0.0 0.0
NCOEFF 11
ORDER 120
XCENTER 0

APERTURE 54
COEFF_1 0.0 0.0 0.0 0.0 0.0 0.0 0.0 0.0 0.0 0.0 0.0
COEFF_2 0.0 0.0 0.0 0.0 0.0 0.0 0.0 0.0 0.0 0.0 0.0
NCOEFF 11
ORDER 119
XCENTER 0

APERTURE 55
COEFF_1 -6.936257561511535 11.30191886298755 8.944970844425152 -18.448329358927488 -3.540145998856992 9.148171388255166 3.245673541571825 -1.0311143635562006 0.0436285830495865 0.536613184874002 1.819500705347259
COEFF_2 4.288706864651109 -7.29640471534989 -5.514040587992248 11.357666567591485 2.41706893255637 -6.012281856735304 -0.6322338757190207 1.3087603136937982 0.423458247303121 1.3251180865964687 4.642591251902759
NCOEFF 11
ORDER 118
XCENTER 0

APERTURE 56
COEFF_1 -8.964170695632648 4.572281721327083 13.274399450564646 -7.292282871456399 -6.111871205624094 3.202694113293151 3.809043430158994 0.04608859538483205 0.04274834756721946 0.5268008251122042 1.8302990320986507
COEFF_2 16.838332307407814 -3.8302323307165116 -29.1636452244635 4.71992582882894 16.87464870790649 -1.9876657534373057 -3.963221751870498 0.4562794051164485 0.6410159112875147 1.3623172045985315 4.637706965916844
NCOEFF 11
ORDER 117
XCENTER 0

APERTURE 57
COEFF_1 -6.720516981992515 1.7374899619335509 8.904416385216162 -2.421004494952024 -2.675454148780155 0.4041511948140477 2.4934923057791254 0.6334567460800912 0.19209182946011863 0.48117757659628196 1.806380592282039
COEFF_2 16.346596663661817 -1.827250554689436 -29.401327340532237 1.3958382518376948 17.690595759262667 -0.11058925560124333 -4.22293043579159 0.08443109236631638 0.6819874349010734 1.3862600857027583 4.636714869246511
NCOEFF 11
ORDER 116
XCENTER 0

APERTURE 58
COEFF_1 -0.46800905740161824 0.11840097825455098 -3.4902141242098597 1.7094709239975674 5.382798121094558 -2.857257165165489 0.5474739933941098 1.594711854634367 0.3720727275665333 0.3881939836603469 1.822421122154916
COEFF_2 5.261512353016488 0.5736476397401554 -7.26670356644892 -3.96645116360664 2.714619996323691 3.5994778426784424 -0.23023313140873894 -0.8879144437719779 0.29207942482029536 1.4639273423904815 4.639781571627191
NCOEFF 11
ORDER 115
XCENTER 0

APERTURE 59
COEFF_1 0.13228489694251747 8.614291574575661 -4.831108287399081 -15.039778213435055 6.071311270608616 7.924956299301629 0.5849161166177088 -1.0147690960074585 0.33427702637802553 0.6075763389968958 1.806644095840969
COEFF_2 0.8389890263971793 -8.689973854941003 2.2106932765251037 14.163259928569646 -3.9071079495362384 -7.848244585936558 1.4394361084332141 1.7620646319370405 0.19264534081341303 1.2832793399350766 4.6390896452460195
NCOEFF 11
ORDER 114
XCENTER 0

APERTURE 60
COEFF_1 6.111424642982357 3.4617211512614716 -17.441380217456103 -5.319286328113391 15.101925757237176 1.905972318403394 -1.8407954635363515 0.436773317300934 0.4808962003602033 0.45975596508044725 1.8124457101119966
COEFF_2 -0.7186777169233619 -2.5741388883719254 5.997635331908051 2.421157169159118 -6.846226723623576 -0.4119057769561449 2.2867179134375784 0.0033597804073791154 0.12667850743213152 1.406296497578059 4.632952558653351
NCOEFF 11
ORDER 113
XCENTER 0

APERTURE 61
COEFF_1 -4.710802997009869 1.157023417920698 3.937398826379257 -1.4067214386430176 0.9817054225367282 0.07842142744936319 1.7582838645698944 0.590836684204443 0.24904503168219064 0.5118305653956169 1.8219149369803822
COEFF_2 9.257153040707571 0.695673975939787 -13.738845193998959 -3.0278564870159603 6.382779560351858 2.1791944514666213 -1.355645241404557 -0.3606594745621731 0.4843871044015411 1.409859047160406 4.6240388562423655
NCOEFF 11
ORDER 112
XCENTER 0

APERTURE 62
COEFF_1 -3.2685586389729684 6.655220039414406 3.6067345218558255 -11.319338822989396 -0.37571566080883767 5.621443873230984 2.314200311093526 -0.461388434078093 0.19709898365729794 0.5596161825177541 1.796319829030148
COEFF_2 7.36206061144104 -7.027824520370675 -12.740417700360883 11.019809808162085 7.418733297072421 -5.881874265052621 -1.832439492876803 1.2645707075939554 0.49257970115184163 1.3248801680447158 4.6319584335393795
NCOEFF 11
ORDER 111
XCENTER 0

APERTURE 63
COEFF_1 2.1091095156445303 4.011647935184186 -9.726115647019522 -5.760045382660784 10.700263607869156 1.712674195957424 -1.3652243323988953 0.5934379134714419 0.6821289884451442 0.4724177571841256 1.8101982703336152
COEFF_2 8.023448608005406 -2.32245493072235 -11.7650192761565 2.3608841111030006 5.133943549445568 -0.7145217376951802 -0.7751076276221325 0.1443342049657138 0.3207355047255077 1.386619731444404 4.625788504928261
NCOEFF 11
ORDER 110
XCENTER 0

APERTURE 64
COEFF_1 -2.7002107275042064 2.8471079286234464 1.8269176064479211 -4.73336084929665 1.2107705720295479 2.344277650474862 1.9352417631629975 -0.03265391446448554 0.21129871967263109 0.5953261083869967 1.8055672272567187
COEFF_2 8.287010100088997 -0.4573364532561247 -13.742731934955568 -0.6174888040183987 7.54370889713331 0.4104404323828105 -1.8770353325062674 0.1506421612611753 0.5683255542521857 1.3706631777701386 4.617688235976016
NCOEFF 11
ORDER 109
XCENTER 0

APERTURE 65
COEFF_1 -1.3378756314202858 4.202082982092176 -1.5977824151309112 -6.069838116593408 3.8194781500575257 1.8331921136755274 1.15605216147585 0.5180558023740715 0.2826125934949609 0.5037996799536463 1.815762898262246
COEFF_2 4.00263294084722 -4.41129575851766 -4.658631271537231 5.603430504143179 1.0684922996440294 -2.174121725770031 0.07020552083484236 0.3902064437800582 0.31013305935605723 1.371353564275859 4.620132189551494
NCOEFF 11
ORDER 108
XCENTER 0

APERTURE 66
COEFF_1 -1.0475536366053073 3.5267399730781825 -3.36109465568802 -5.455298589343203 6.241053604751892 2.2736329374577378 -0.04798108956917238 0.09166540754547678 0.5571349697674962 0.6039993875370091 1.8160349982828148
COEFF_2 7.49932931294316 -1.9783893180894447 -10.810121560675737 1.6340076454310826 4.611983241447724 -0.46892629377690254 -0.7720037007632534 0.23771660425598132 0.3748348218028358 1.3476976272750203 4.6198921146916625
NCOEFF 11
ORDER 107
XCENTER 0

APERTURE 67
COEFF_1 0.8264989305455941 7.107940029074706 -6.079006511518518 -12.176742892452179 7.3836765717505495 6.000895365367533 -0.11534079356556402 -0.4652572073891569 0.45695846562198084 0.5675244517117177 1.8030375077245928
COEFF_2 3.2514160931212137 -6.2629018659036495 -3.325199378329134 9.447188221640385 0.1815783229484966 -4.726945983525764 0.4000481966538919 0.924730867722549 0.2504266929510763 1.351818383237187 4.622925170440971
NCOEFF 11
ORDER 106
XCENTER 0

APERTURE 68
COEFF_1 0.7905555912900993 7.919385871426412 -5.437996153135287 -13.241010198488778 5.934287191131786 6.58087162810178 0.7618613643385803 -0.682975281500835 0.4088559076671217 0.5975142348440445 1.8228407612216369
COEFF_2 4.9812710920556755 -8.080936504313069 -6.58150131950079 12.782516667558383 2.5899423515863553 -6.948551452508212 -0.5790902073231209 1.5118156161682272 0.3834691658228084 1.299222172098928 4.614769091714407
NCOEFF 11
ORDER 105
XCENTER 0

APERTURE 69
COEFF_1 3.0429298833280143 5.044488958382951 -11.507726889017125 -8.815197987596838 11.475072036470788 4.68213794091821 -1.1277545495864136 -0.5472632856649051 0.5611983547629145 0.648866820532326 1.8002170730450977
COEFF_2 -2.703128096676454 -3.2383892773668608 11.009170734358747 4.04756531743839 -11.22212446178912 -1.9531981380990826 3.7455425632569663 0.5250304526637167 -0.022031120487516462 1.3523924543657952 4.621517714712987
NCOEFF 11
ORDER 104
XCENTER 0

APERTURE 70
COEFF_1 1.6204071096503103 2.480041952832432 -8.24546210584091 -2.659630574309566 8.93148919979716 -0.47031787379452855 -0.4362617576323736 1.1290446602314432 0.5259988213321427 0.4716093199715861 1.8113916093168856
COEFF_2 0.1589576733730027 -2.7123152236426904 4.827731809669344 2.708463099783154 -6.806251516086118 -0.6008203988811434 2.6932495950531887 0.056279634655539715 -0.025090104093085593 1.3800101416550108 4.617963785795373
NCOEFF 11
ORDER 103
XCENTER 0

APERTURE 71
COEFF_1 3.0144947618560516 3.0682871777634206 -12.794998665695944 -4.577081470461093 13.332051004804185 1.7379446458983618 -1.9696471623522693 0.15096432353903336 0.7648097777376514 0.6387046983622952 1.8111076994628288
COEFF_2 3.8679573306442423 -1.662012714982557 -2.126795240315827 0.6811040642921457 -2.2735805332309424 0.3983888145169706 1.3775896030963768 -0.08526166712169327 0.1136058442631773 1.389177755612122 4.618383536162569
NCOEFF 11
ORDER 102
XCENTER 0

APERTURE 72
COEFF_1 1.4137897584334975 9.302170033151885 -6.008447143755847 -15.823283206868815 5.958002377203337 7.944712700074542 0.851959163832932 -0.8801835398195246 0.3493666048872016 0.64322350714469 1.8042679696721344
COEFF_2 -1.8916059660170468 -8.91797228933799 6.501198560140821 13.931252515831854 -6.10575645293909 -7.2788244741295225 1.9163975039548806 1.479583098826678 0.14017899221361785 1.3115130862547946 4.610177976243854
NCOEFF 11
ORDER 101
XCENTER 0

APERTURE 73
COEFF_1 3.3397512709308357 6.0119983877077825 -12.016552950296187 -9.290077095849776 11.280633259327361 3.983982294354311 -0.709172494908886 -0.09507741514651556 0.5482740053907204 0.6120007187318 1.838600256804721
COEFF_2 -3.2379245468207993 -6.264866625489247 12.559129914520588 9.07607214558593 -12.502980244183043 -4.632531621362962 4.062673104184732 0.9886303503140528 -0.09529650537955653 1.331369953466971 4.609860001462858
NCOEFF 11
ORDER 100
XCENTER 0

APERTURE 74
COEFF_1 -0.3167912625435043 6.408537972062089 -3.842023341494028 -11.560829600059508 5.154736601734059 6.278896997882269 1.0621947621225942 -0.8796752477562837 0.324849384177251 0.713544828015512 1.8172791612906907
COEFF_2 2.46168567429262 -5.188338375697615 -1.3765220257678823 8.396585766889634 -0.8858632265567074 -4.979371002357165 0.24822418302432106 1.2641599194625597 0.3976467242230912 1.301491291618906 4.598067398061272
NCOEFF 11
ORDER 99
XCENTER 0

APERTURE 75
COEFF_1 -3.85055155002331 1.7862606672906052 4.2195136791471635 -1.4202213693213164 -1.400757108583801 -1.0621120743810541 3.191017135363588 1.10786405987839 0.1552850012459828 0.5459709353931601 1.8354251781229372
COEFF_2 4.6459187874355345 -0.7435820987931295 -3.962748263616828 -1.4643996642017352 -0.8221360642394177 2.1785043508818207 0.9445070399968857 -0.5999035515622955 0.1660754664798808 1.413829759428123 4.599009302125792
NCOEFF 11
ORDER 98
XCENTER 0

APERTURE 76
COEFF_1 4.444555095175765 7.017791602472539 -12.635251725749526 -10.974671397263842 10.750904050002811 5.226015768616422 -0.6144821815284578 -0.6936578562075889 0.6886244833039327 0.746097575049074 1.8174424358409869
COEFF_2 -2.2224786301344124 -4.189472908869831 8.03395556711987 4.234682743756392 -7.59201079849523 -1.2335567373963685 2.3641058713931966 0.25780614067795676 0.07325161692234798 1.353306701988699 4.605028149476722
NCOEFF 11
ORDER 97
XCENTER 0

APERTURE 77
COEFF_1 5.025096494507079 8.861996919349645 -13.30303253745061 -13.963814382517644 10.747127659323931 6.028828856506993 -0.17150766722586366 -0.3058785307523021 0.421827947144576 0.6332268406633327 1.8227653132089703
COEFF_2 -3.315249695571909 -7.957644605611947 10.312539049959003 11.521053132921864 -9.264040524198991 -5.299621077800287 2.726816041466559 0.8769311646998892 0.13274746887553485 1.3547335039780106 4.589342194180122
NCOEFF 11
ORDER 96
XCENTER 0

APERTURE 78
COEFF_1 8.754246527488181 3.340363398891082 -23.446585663882928 -3.755579539966501 19.228361717090245 0.1749402635714311 -3.0029149256391827 0.7801163954149287 0.9150907892780309 0.6144561717154777 1.8385545707966757
COEFF_2 -8.998410505471503 -2.4995918710062632 24.451611183544625 1.0555983309553294 -20.4958131721086 1.0235721852746276 6.174382477252163 -0.4607983677560422 -0.3053512030116053 1.419311637139142 4.601686717462466
NCOEFF 11
ORDER 95
XCENTER 0

APERTURE 79
COEFF_1 1.9047869699579998 7.088645203638951 -8.590122539265273 -12.331556806069678 8.694679195771084 6.482679667782739 -0.06995088287586824 -0.9525582937061856 0.5584560936221805 0.7908671834907441 1.8161856239355212
COEFF_2 2.088711381853651 -5.257156704374579 0.3562673381826379 7.743519288856431 -3.0751102630344 -4.008568283110911 1.3076224820620455 0.8868152069063725 0.19168436500530187 1.3197312088318713 4.595764949291471
NCOEFF 11
ORDER 94
XCENTER 0

APERTURE 80
COEFF_1 6.901629282326211 5.98890742533242 -20.38208398724628 -9.707522433887611 17.667706179883265 4.399734415244273 -2.5971525713965278 -0.28463515145379953 0.8271630709954902 0.6861988431836298 1.840886055035895
COEFF_2 -9.102756282961154 -3.7217508888243085 26.950789130928936 4.645342840105244 -24.33983902447987 -2.0961046561070322 7.93004538016316 0.5006977304277915 -0.5346477732591094 1.341947212071537 4.596887746671058
NCOEFF 11
ORDER 93
XCENTER 0

APERTURE 81
COEFF_1 6.360679110280204 4.065731986947765 -18.562029301537592 -5.91257480636497 16.02808823061763 2.424351064414253 -2.3356153044120984 -0.21366674929153684 0.9564908772180145 0.7945164841526521 1.834928776363368
COEFF_2 -9.663399022558538 -3.8184597901155213 25.685891287344358 3.999256518033564 -21.49662136369188 -1.5139185560089872 6.577308751096453 0.40813082511029747 -0.3481960320288897 1.33961046301947 4.597777326280751
NCOEFF 11
ORDER 92
XCENTER 0

APERTURE 82
COEFF_1 1.6322148658656142 3.056140163641756 -7.13568238725632 -3.869823647057143 6.644199742892423 0.571396529065081 0.9633327266677231 0.6026468922530268 0.45325384924233825 0.6807756937884001 1.8338788601593687
COEFF_2 1.521415746546049 -1.6051852360324146 2.0027426084342506 0.7121354665098659 -4.705354012760016 0.23882494583451722 1.9153494557477841 0.0242401969049825 0.11596212415165238 1.357424527900185 4.583150900684478
NCOEFF 11
ORDER 91
XCENTER 0

APERTURE 83
COEFF_1 8.174478467908754 2.2822453955572515 -22.46236223523218 -1.4935022031168124 18.244509922072353 -1.255991279924521 -2.538338611439778 0.9600463545210816 0.9458824179596877 0.6810962475545865 1.8700215325852596
COEFF_2 -12.553523005741146 -1.852067892098274 33.387434143329 -0.2119849495910021 -27.72906438159669 1.6152213461252383 8.493001172277642 -0.48276981863044394 -0.5879361219473784 1.4091739025780852 4.594208351181317
NCOEFF 11
ORDER 90
XCENTER 0

APERTURE 84
COEFF_1 12.608586545246542 4.8232050945061395 -37.284330288279364 -12.905953821190488 30.26494388081483 7.8211897441008205 -5.96508537712341 -1.2478344525386778 1.167739643567216 0.8398998187494687 1.8293942945204
COEFF_2 3.82530342746207 -2.843681982750193 -2.8907847960628787 1.4287070518726435 -1.5827840164785443 0.5698557486753498 1.2243427564172573 -0.2138104543407786 0.1863675288239277 1.3915035853306064 4.578210090966765
NCOEFF 11
ORDER 89
XCENTER 0

APERTURE 85
COEFF_1 7.228835628237486 2.7098357549040872 -20.071526349963722 -2.8669239002227913 15.977174730651297 0.018176313745490787 -1.4512131089700064 0.628830693102302 0.74671076665156 0.6942846872663372 1.871148774004501
COEFF_2 -14.908353729450146 -5.460349196611017 37.220326087407784 6.92731149837032 -29.607719752683227 -3.140379788791384 8.565623345153037 0.6752779917120033 -0.47342765633598616 1.3272822481036157 4.5798071477486095
NCOEFF 11
ORDER 88
XCENTER 0

APERTURE 86
COEFF_1 1.5281021227452367 1.0795906430596758 -7.200243324459931 0.46321361938291067 6.532643327997067 -1.9014089991617813 0.9621867671528239 0.7840152141171272 0.6367591755634787 0.7826757397765479 1.8669528596683735
COEFF_2 -2.7315748715485366 1.4824067104419425 11.944227877908515 -6.26667148310305 -11.992209702411467 4.94414682567241 3.85729122448985 -1.1088883466942314 -0.04658995108901836 1.4517099961119977 4.5799651905399115
NCOEFF 11
ORDER 87
XCENTER 0

APERTURE 87
COEFF_1 14.298493054955777 8.23962245214287 -33.32896031871019 -13.728852934970174 24.282898349586663 6.7113045458921174 -3.399514692357699 -0.8743157222541057 0.8351881795123582 0.8166713360484587 1.858839466806131
COEFF_2 -11.65880598831305 -7.157140582997389 29.50772769570391 10.881588657053905 -23.502492971295926 -5.709801983810211 6.711570595737706 1.2285463293225438 -0.2597869169802401 1.2928691125991645 4.575171439143214
NCOEFF 11
ORDER 86
XCENTER 0

APERTURE 88
COEFF_1 8.977494385809692 4.041748553329351 -23.895118494236463 -5.602108683008827 18.541244281406577 2.247551791613042 -2.2866765524473305 -0.31537043140895615 0.9950509021686309 0.8594169994335423 1.9020487390057677
COEFF_2 -11.430330941875745 -1.0908494295232007 31.026338862249865 -1.0947648377707866 -25.490366766348036 1.469902041446345 7.375190542295788 -0.18353252854884688 -0.3734279386662979 1.344915547668043 4.575235180525104
NCOEFF 11
ORDER 85
XCENTER 0

APERTURE 89
COEFF_1 14.539998845983726 11.461546036278008 -32.93890370268754 -19.046780058689233 23.543114294135332 9.560368760011816 -3.214627002608729 -1.453825850767012 0.925820466370835 0.8938164143718962 1.8559194425644603
COEFF_2 -3.0332743531038497 -4.045601432956503 10.846430936346282 4.848637423580948 -9.876693334009621 -2.106512663954188 2.8106852773714666 0.39616362921128206 0.10864544763566741 1.367743381482639 4.571924432179184
NCOEFF 11
ORDER 84
XCENTER 0

APERTURE 90
COEFF_1 12.121966582324275 4.4283212673460115 -30.48953358430456 -5.316564911114472 23.222174980741986 0.8082782675338617 -3.516878383042559 0.5355204443791847 1.064082508767131 0.758391178711022 1.9056300094814747
COEFF_2 -14.700735903493873 -1.5918540751443107 38.48718578895763 -0.5575281130873263 -31.58417176490715 1.5665984015798828 9.471133512849574 -0.35798205642484826 -0.6486928341178675 1.364279017754894 4.58101521308913
NCOEFF 11
ORDER 83
XCENTER 0

APERTURE 91
COEFF_1 10.25679762705344 2.7690849205734804 -26.93717856358273 -3.3981847637440468 21.318446526434386 0.9347571196385633 -3.3975822691935593 -0.07657892039136034 1.2107747888193376 0.9090110803943828 1.888199010618091
COEFF_2 -7.3246642799709445 1.434858099649119 21.866030049187664 -6.052317371585112 -18.814404411317618 4.7988325096131 5.594667956031701 -1.0548129103526913 -0.2166560273266162 1.4277293845962338 4.572136887694458
NCOEFF 11
ORDER 82
XCENTER 0

APERTURE 92
COEFF_1 3.1581909450441326 1.6383799002455157 -12.989868406114985 -0.7916297219667339 12.447242586391102 -1.4843399274789886 -1.1843316104943382 0.9402316495480215 0.9519465321951059 0.8007001219242247 1.8927709911639965
COEFF_2 1.0006584205892717 1.9470716378421675 6.096723551604395 -6.607198027107799 -9.500506053348726 4.802533113172343 3.644591991253386 -0.989559569572273 -0.11528859105491318 1.3890187065315462 4.565735083751777
NCOEFF 11
ORDER 81
XCENTER 0

APERTURE 93
COEFF_1 12.516267431238356 1.883583834414876 -32.03641248603471 -1.3893937245940506 24.959468135856167 -0.010280916050567366 -4.56917147695938 -0.10827507497824279 1.4626201302711517 0.959058012065557 1.9509472048761118
COEFF_2 -10.96784566008939 7.925507995693434 31.703521450146322 -17.46467874173663 -26.881944330543412 10.6571419209035 8.071506633172532 -1.962565061257103 -0.5314446277520853 1.4244047010072656 4.5718509501565405
NCOEFF 11
ORDER 80
XCENTER 0

APERTURE 94
COEFF_1 6.3437280289604105 2.992175340018016 -18.43391244304136 -4.244860574962135 15.118996664024616 1.379763329481388 -1.5425133541040752 0.07896718865918319 1.0007089814364294 0.8939076227175387 1.906455134481559
COEFF_2 -3.4347216498391537 0.41291098429744516 14.250733434413238 -2.7792245484313876 -14.191807769201496 1.8233034997001627 4.65003088384171 -0.2638929800582828 -0.1625207882924723 1.37206047379098 4.561108378893664
NCOEFF 11
ORDER 79
XCENTER 0

APERTURE 95
COEFF_1 15.084747481936517 1.2677970118573885 -35.15634024339635 0.522473796453597 24.802073001362686 -2.148763650702387 -3.5831425803482126 0.7878365079261117 1.2686542339702145 0.847241533319547 1.9729854437264367
COEFF_2 -21.81890735704136 0.7020610011098474 51.28571159147214 -4.983782861108899 -37.850413650355996 4.013150570824392 10.071358925895781 -0.7890343329915315 -0.6071507347124699 1.371287590730244 4.5682356724925715
NCOEFF 11
ORDER 78
XCENTER 0

APERTURE 96
COEFF_1 12.66466344175955 4.4141725264917655 -34.23180370902049 -7.1443657997516015 28.163232793078066 3.901226572889963 -5.923220952650033 -1.0619840568340375 1.6387487759342052 1.0951643728402505 1.9569687439081904
COEFF_2 -14.89578728179512 -1.4195967364400084 41.37290582934489 0.6602936654644146 -35.31527172516978 -0.5856930390741443 10.909780472182607 0.464080273280902 -0.7982406865833708 1.3055220859707661 4.57910381194376
NCOEFF 11
ORDER 77
XCENTER 0

APERTURE 97
COEFF_1 6.115435011048863 -3.8283946227004333 -18.014860694937898 9.881500112892313 14.349923456381381 -8.157769825047264 -1.063494929255552 2.350345376105086 0.9836653378099942 0.7364844979346921 1.986403112906842
COEFF_2 -15.740916521766287 3.9178305303795264 42.39715168395663 -10.232438389775544 -35.22215360834576 7.090380045423483 10.48682017717934 -1.5911807035421466 -0.6915912170965322 1.4574496657995006 4.5591114918706515
NCOEFF 11
ORDER 76
XCENTER 0

APERTURE 98
COEFF_1 14.930276737007215 1.778638674449449 -34.96632110094899 0.20025321081806205 24.598554671228033 -2.0345478713739857 -3.7659571865132455 0.46978313745760003 1.480689696785496 0.9854771964718194 2.053580905658316
COEFF_2 -20.881514679680613 4.558562385638213 49.218892583088284 -13.821135534558518 -35.7934383747708 10.40435740204005 9.318088349630017 -2.414322217904581 -0.5520672452366455 1.4923818481006328 4.571637414459575
NCOEFF 11
ORDER 75
XCENTER 0

APERTURE 99
COEFF_1 11.615719492079982 1.3438051334552272 -30.40131486032823 -1.2198236407178045 24.751430129647876 -0.16470595167712526 -4.87585995891688 0.09884093367964816 1.527405765419089 0.9980307399606524 1.9989085506854603
COEFF_2 -15.986303874104072 -1.313875135974414 41.857396273125644 0.853216808323994 -34.42078467295279 -0.6950032141787509 10.19007469249859 0.39816986465421406 -0.6396525704157192 1.320412191796412 4.5655846785182845
NCOEFF 11
ORDER 74
XCENTER 0

APERTURE 100
COEFF_1 18.215287011608073 -0.1677403306018784 -40.128073804476635 2.92297824232122 25.874103054727463 -2.846288827672535 -2.9884843714287097 0.509413755086116 1.2582084428577558 0.9356315429675722 2.12437182714041
COEFF_2 -26.51243477591798 10.252814631383862 60.60665723734571 -23.199341945117506 -42.58441704062357 14.835185555351856 10.45481953998261 -3.0368270118950176 -0.5567201923153163 1.4845398107969483 4.555856078667643
NCOEFF 11
ORDER 73
XCENTER 0

APERTURE 101
COEFF_1 13.83770983140327 -0.5669896535951117 -33.71362498852156 3.4007885277320744 25.16043234900856 -3.1116682120013226 -4.624457893670815 0.3844343233076621 1.6618000999231857 1.0529192953164515 2.0820635411075243
COEFF_2 -21.983889780845224 5.312172841891668 52.16047174558219 -13.801436218870494 -38.663045304055515 9.510519308087254 10.484417998299815 -2.0931824445695333 -0.6446598824911779 1.4764093343044788 4.5645720644967485
NCOEFF 11
ORDER 72
XCENTER 0

APERTURE 102
COEFF_1 30.057168125760533 0.842985528858607 -66.23897138703539 1.8466624255670534 46.04492497974966 -3.2759787927885813 -9.06135254046109 1.0054579880742047 1.7636373216375587 0.8974704453760063 2.1027948530410363
COEFF_2 -42.73813546209597 0.446741524873332 95.68083777174843 -4.791944679873211 -69.09415468528604 3.967705758575691 18.39922168679212 -0.8774274664124567 -1.2507486712412752 1.4077686905347606 4.566734250804779
NCOEFF 11
ORDER 71
XCENTER 0

APERTURE 103
COEFF_1 16.57099913641695 2.4177187000265485 -35.832992234881296 -2.6070683270807873 22.33149704002404 1.550028584167277 -2.27287997825066 -1.1741800747580105 1.3623900817883963 1.2458423101627556 2.250002644611453
COEFF_2 -23.331275202359276 7.969746586572809 51.13802757877555 -18.917548809244117 -33.16360980108788 11.825940038889463 7.02918679624254 -2.0594350196790017 -0.22245736537012617 1.4000751588383147 4.565802771568265
NCOEFF 11
ORDER 70
XCENTER 0

APERTURE 104
COEFF_1 9.813161435743094 2.6246248078266703 -24.03754611361339 -2.388816516216916 16.856125229156113 -0.21613784799433278 -1.6296877822104572 0.12946666465254292 1.3433729546000435 1.0402826967857421 2.1803640645049347
COEFF_2 -15.830949002276238 3.084533641245424 39.29202686037258 -8.859173869343175 -29.391077633788218 6.166638848108096 7.611132139881986 -1.2868384181784935 -0.33927806931501175 1.406337573760771 4.560403659528079
NCOEFF 11
ORDER 69
XCENTER 0

APERTURE 105
COEFF_1 9.563647343809818 1.7516203459415989 -19.179292736987318 -2.347906216227272 8.754413413218344 2.0339255547798327 1.6570556501904015 -1.2362966145236347 1.1432362073355844 1.1534648442345772 2.362660774065809
COEFF_2 -19.13741854620347 9.213979934174043 38.62432027854935 -20.057368865516455 -21.01925793751888 11.497910720503711 3.056225437312431 -1.8770447552026146 0.07602695407631833 1.3736168493852996 4.5449423366560255
NCOEFF 11
ORDER 68
XCENTER 0

APERTURE 106
COEFF_1 15.284708888612677 -7.473880463190575 -33.31374716099061 15.882526526113868 21.583633235148987 -10.130215322553603 -3.0990853814040933 1.722809034084624 1.7823516922363825 1.0616749854151055 2.30986499063268
COEFF_2 -22.327027865469727 13.889361002665783 48.75779616109129 -28.30455427603302 -31.887799594478235 16.68698541261472 7.352546711331639 -3.1603546592866576 -0.42338764178339017 1.4469461087196582 4.569602762432766
NCOEFF 11
ORDER 67
XCENTER 0

APERTURE 107
COEFF_1 6.169775439093455 -3.3226011345928237 -13.991312134699065 8.290586071569221 8.210032822121187 -5.6003777405873585 0.04245225165610858 0.9974935087298877 1.6978928264598074 0.8907038534168203 2.3242097860079327
COEFF_2 -18.414513783413476 6.609321103532798 39.90132627108672 -15.19550200428993 -25.308828588496343 8.747328910663605 5.6872498588332245 -1.4035987768625255 -0.3591054539595547 1.3692354797062913 4.5747917170186945
NCOEFF 11
ORDER 66
XCENTER 0

APERTURE 108
COEFF_1 12.841270202582482 1.5182835723766814 -24.423395029749443 -3.933483487443709 10.393362381092214 4.932355801405786 1.806256749244643 -2.594087577230807 1.2429822872907677 1.3895155379561779 2.5161272471070584
COEFF_2 -18.98827400696598 12.787778363404932 36.67286798695142 -24.32589064466384 -17.403976761441662 12.094436565703491 1.3084073851092952 -1.5452261022705343 0.23559762693762007 1.3379053850795086 4.554273357635399
NCOEFF 11
ORDER 65
XCENTER 0

APERTURE 109
COEFF_1 2.9168029285113604 -0.3665806988830136 -3.97398667757691 1.4602161683316763 -2.702213797818481 -0.7807487892924857 5.372144284521973 -0.19401205933297574 0.8148108470129954 1.0039077449808467 2.4096202114654344
COEFF_2 -7.550335358421385 7.927928294448909 17.13523753911357 -15.8183482440346 -7.9690650489831345 8.347130533557198 -0.5472623956451754 -1.2564562831715855 0.5914379751492344 1.3491726784786173 4.5453224312373415
NCOEFF 11
ORDER 64
XCENTER 0

APERTURE 110
COEFF_1 3.4524698291298797 -0.8911852999522533 -1.6729352309408294 0.672021665773498 -7.890501779972437 2.665615676583463 7.226975559821689 -2.6480872251894936 0.5099949030202864 1.5017932998520236 2.75958526240222
COEFF_2 -23.90499524926394 14.445969786922507 42.660226437625454 -27.008792606963716 -17.625945818589862 12.479414276033351 0.15353640382444317 -0.9229436872034191 0.4231669719865469 1.2100271004166447 4.521528172277968
NCOEFF 11
ORDER 63
XCENTER 0

APERTURE 111
COEFF_1 0.0 0.0 0.0 0.0 0.0 0.0 0.0 0.0 0.0 0.0 0.0
COEFF_2 0.0 0.0 0.0 0.0 0.0 0.0 0.0 0.0 0.0 0.0 0.0
NCOEFF 11
ORDER 62
XCENTER 0

APERTURE 112
COEFF_1 0.0 0.0 0.0 0.0 0.0 0.0 0.0 0.0 0.0 0.0 0.0
COEFF_2 0.0 0.0 0.0 0.0 0.0 0.0 0.0 0.0 0.0 0.0 0.0
NCOEFF 11
ORDER 61
XCENTER 0

APERTURE 113
COEFF_1 0.0 0.0 0.0 0.0 0.0 0.0 0.0 0.0 0.0 0.0 0.0
COEFF_2 0.0 0.0 0.0 0.0 0.0 0.0 0.0 0.0 0.0 0.0 0.0
NCOEFF 11
ORDER 60
XCENTER 0

APERTURE 114
COEFF_1 0.0 0.0 0.0 0.0 0.0 0.0 0.0 0.0 0.0 0.0 0.0
COEFF_2 0.0 0.0 0.0 0.0 0.0 0.0 0.0 0.0 0.0 0.0 0.0
NCOEFF 11
ORDER 59
XCENTER 0

APERTURE 115
COEFF_1 0.0 0.0 0.0 0.0 0.0 0.0 0.0 0.0 0.0 0.0 0.0
COEFF_2 0.0 0.0 0.0 0.0 0.0 0.0 0.0 0.0 0.0 0.0 0.0
NCOEFF 11
ORDER 58
XCENTER 0

APERTURE 116
COEFF_1 0.0 0.0 0.0 0.0 0.0 0.0 0.0 0.0 0.0 0.0 0.0
COEFF_2 0.0 0.0 0.0 0.0 0.0 0.0 0.0 0.0 0.0 0.0 0.0
NCOEFF 11
ORDER 57
XCENTER 0

APERTURE 117
COEFF_1 0.0 0.0 0.0 0.0 0.0 0.0 0.0 0.0 0.0 0.0 0.0
COEFF_2 0.0 0.0 0.0 0.0 0.0 0.0 0.0 0.0 0.0 0.0 0.0
NCOEFF 11
ORDER 56
XCENTER 0

APERTURE 118
COEFF_1 0.0 0.0 0.0 0.0 0.0 0.0 0.0 0.0 0.0 0.0 0.0
COEFF_2 0.0 0.0 0.0 0.0 0.0 0.0 0.0 0.0 0.0 0.0 0.0
NCOEFF 11
ORDER 55
XCENTER 0

APERTURE 119
COEFF_1 0.0 0.0 0.0 0.0 0.0 0.0 0.0 0.0 0.0 0.0 0.0
COEFF_2 0.0 0.0 0.0 0.0 0.0 0.0 0.0 0.0 0.0 0.0 0.0
NCOEFF 11
ORDER 54
XCENTER 0

APERTURE 120
COEFF_1 0.0 0.0 0.0 0.0 0.0 0.0 0.0 0.0 0.0 0.0 0.0
COEFF_2 0.0 0.0 0.0 0.0 0.0 0.0 0.0 0.0 0.0 0.0 0.0
NCOEFF 11
ORDER 53
XCENTER 0

APERTURE 121
COEFF_1 0.0 0.0 0.0 0.0 0.0 0.0 0.0 0.0 0.0 0.0 0.0
COEFF_2 0.0 0.0 0.0 0.0 0.0 0.0 0.0 0.0 0.0 0.0 0.0
NCOEFF 11
ORDER 52
XCENTER 0

