depth,blueshift,sigma
0.0,-445.935185036567,456.6086766285089
0.001,-445.6816944271345,454.6784974553683
0.002,-445.42892175863767,452.7569040736453
0.003,-445.1768625127455,450.84387993464816
0.004,-444.925512171127,448.9394084896852
0.005,-444.67486621545135,447.0434731900647
0.006,-444.42492012738734,445.1560574870949
0.007,-444.175669388604,443.2771448320842
0.008,-443.9271094807702,441.40671867634086
0.009,-443.67923588555533,439.54476247117316
0.01,-443.4320440846276,437.69125966788937
0.011,-443.18552955965674,435.8461937177978
0.012,-442.93968779231153,434.00954807220677
0.013,-442.6945142642608,432.1813061824245
0.014,-442.4500044571736,430.3614514997594
0.015,-442.2061538527189,428.54996747551974
0.016,-441.96295793256564,426.7468375610137
0.017,-441.7204121783829,424.9520452075497
0.018,-441.47851207183965,423.165573866436
0.019,-441.23725309460485,421.38740698898084
0.02,-440.9966307283472,419.6175280264926
0.021,-440.7566404547363,417.8559204302795
0.022,-440.51727775544066,416.10256765164985
0.023,-440.2785381121294,414.357453141912
0.024,-440.04041700647133,412.6205603523742
0.025,-439.80290992013573,410.89187273434476
0.026,-439.5660123347915,409.1713737391319
0.027,-439.32971973210743,407.45904681804404
0.028,-439.0940275937527,405.7548754223894
0.029,-438.85893140139615,404.0588430034763
0.03,-438.62442663670686,402.37093301261297
0.031,-438.39050878135384,400.6911289011078
0.032,-438.1571733170059,399.019414120269
0.033,-437.924415725332,397.3557721214049
0.034,-437.6922314880014,395.70018635582386
0.035,-437.4606160866831,394.05264027483406
0.036,-437.2295650030458,392.4131173297439
0.037,-436.99907371875855,390.78160097186156
0.038,-436.7691377154905,389.15807465249543
0.039,-436.5397524749104,387.5425218229538
0.04,-436.3109134786873,385.9349259345449
0.041,-436.08261620849015,384.335270438577
0.042,-435.85485614598815,382.7435387863585
0.043,-435.62762877285024,381.15971442919766
0.044,-435.4009295707451,379.5837808184028
0.045,-435.174754021342,378.01572140528214
0.046,-434.94909760630975,376.45551964114395
0.047,-434.7239558073174,374.90315897729664
0.048,-434.4993241060342,373.35862286504846
0.049,-434.2751979841286,371.8218947557077
0.05,-434.0515729232698,370.2929581005826
0.051,-433.8284444051269,368.77179635098156
0.052,-433.605807911369,367.25839295821277
0.053,-433.38365892366454,365.7527313735846
0.054,-433.1619929236832,364.2547950484053
0.055,-432.9408053930933,362.7645674339832
0.056,-432.7200918135643,361.2820319816265
0.057,-432.4998476667652,359.80717214264365
0.058,-432.28006843436447,358.33997136834284
0.059,-432.0607495980316,356.88041311003235
0.06,-431.84188663943536,355.4284808190206
0.061,-431.62347504024484,353.9841579466157
0.062,-431.4055102821288,352.54742794412607
0.063,-431.18798784675636,351.11827426286
0.064,-430.9709032157967,349.69668035412576
0.065,-430.75425187091844,348.2826296692316
0.066,-430.53802929379066,346.8761056594859
0.067,-430.3222309660825,345.47709177619686
0.068,-430.1068523694628,344.0855714706729
0.069,-429.89188898560076,342.7015281942222
0.07,-429.6773362961651,341.3249453981531
0.071,-429.4631897828248,339.95580653377385
0.072,-429.2494449272491,338.59409505239284
0.073,-429.0360972111067,337.2397944053183
0.074,-428.8231421160668,335.8928880438585
0.075,-428.61057512379807,334.5533594193218
0.076,-428.3983917159698,333.2211919830164
0.077,-428.18658737425085,331.89636918625075
0.078,-427.9751575803103,330.578874480333
0.079,-427.7640978158168,329.2686913165715
0.08,-427.5534035624399,327.96580314627454
0.081,-427.3430703018482,326.67019342075037
0.082,-427.1330935157107,325.38184559130735
0.083,-426.92346868569643,324.1007431092538
0.084,-426.7141912934743,322.82686942589794
0.085,-426.50525682071327,321.56020799254804
0.086,-426.29666074908255,320.3007422605125
0.087,-426.088398560251,319.04845568109954
0.088,-425.8804657358878,317.8033317056175
0.089,-425.6728577576613,316.5653537853746
0.09,-425.4655701072411,315.33450537167926
0.091,-425.25859826629596,314.1107699158396
0.092,-425.05193771649476,312.8941308691641
0.093,-424.8455839395067,311.6845716829609
0.094,-424.63953241700074,310.48207580853835
0.095,-424.43377863064563,309.2866266972048
0.096,-424.22831806211025,308.0982078002685
0.097,-424.02314619306424,306.9168025690377
0.098,-423.8182585051761,305.7423944548208
0.099,-423.61365048011476,304.57496690892594
0.1,-423.4093175995491,303.4145033826616
0.101,-423.2052553451489,302.2609873273359
0.102,-423.0014591985822,301.11440219425725
0.103,-422.79792464151853,299.97473143473394
0.104,-422.5946471556266,298.8419585000742
0.105,-422.39162222257573,297.7160668415863
0.106,-422.1888453240342,296.5970399105787
0.107,-421.9863119416717,295.4848611583595
0.108,-421.78401755715686,294.37951403623714
0.109,-421.5819576521585,293.2809819955198
0.11,-421.3801277083461,292.1892484875159
0.111,-421.1785232073888,291.10429696353356
0.112,-420.9771396309543,290.0261108748813
0.113,-420.7759724607133,288.9546736728672
0.114,-420.5750171783335,287.8899688087997
0.115,-420.37426926548426,286.831979733987
0.116,-420.1737242038347,285.78068989973747
0.117,-419.9733774750538,284.7360827573594
0.118,-419.7732245608104,283.698141758161
0.119,-419.57326094277346,282.6668503534506
0.12,-419.37348210261246,281.6421919945365
0.121,-419.17388352199555,280.62415013272704
0.122,-418.9744606825923,279.61270821933056
0.123,-418.7752090660716,278.6078497056552
0.124,-418.57612415410176,277.6095580430093
0.125,-418.3772014283534,276.61781668270123
0.126,-418.1784363704937,275.6326090760393
0.127,-417.97982446219214,274.6539186743316
0.128,-417.7813611851186,273.6817289288866
0.129,-417.5830420209412,272.7160232910126
0.13,-417.384862451329,271.7567852120179
0.131,-417.1868179579511,270.8039981432107
0.132,-416.9889040224765,269.85764553589934
0.133,-416.79111612657437,268.9177108413922
0.134,-416.5934497519137,267.98417751099737
0.135,-416.39590038016297,267.0570289960233
0.136,-416.19846349299155,266.1362487477783
0.137,-416.00113457206805,265.2218202175706
0.138,-415.80390909906214,264.31372685670846
0.139,-415.60678255564176,263.4119521165003
0.14,-415.409750423477,262.5164794482543
0.141,-415.21280818423656,261.62729230327875
0.142,-415.0159513195888,260.74437413288206
0.143,-414.8191753112036,259.8677083883725
0.144,-414.62247564074914,258.9972785210582
0.145,-414.42584778989476,258.13306798224767
0.146,-414.2292872403093,257.275060223249
0.147,-414.03278947366175,256.4232386953706
0.148,-413.83634997162164,255.57758684992086
0.149,-413.63996421585716,254.7380881382079
0.15,-413.4436276880376,253.90472601154008
0.151,-413.24733586983234,253.0774839212257
0.152,-413.05108424290984,252.25634531857307
0.153,-412.8548682889392,251.44129365489047
0.154,-412.6586834895893,250.63231238148617
0.155,-412.46252532652943,249.8293849496685
0.156,-412.26638928142825,249.03249481074576
0.157,-412.07027083595506,248.24162541602618
0.158,-411.87416547177895,247.4567602168181
0.159,-411.678068670568,246.67788266442983
0.16,-411.4819759139922,245.90497621016962
0.161,-411.28588268372005,245.13802430534585
0.162,-411.0897844614202,244.37701040126672
0.163,-410.89367672876267,243.62191794924055
0.164,-410.6975549674156,242.87273040057565
0.165,-410.5014146590481,242.12943120658036
0.166,-410.30525128532963,241.39200381856287
0.167,-410.10906032792866,240.6604316878315
0.168,-409.9128372685142,239.9346982656946
0.169,-409.7165775887553,239.21478700346043
0.17,-409.5202767703213,238.5006813524373
0.171,-409.32393029488037,237.79236476393348
0.172,-409.1275336441022,237.08982068925732
0.173,-408.9310822996556,236.39303257971704
0.174,-408.73457174320936,235.70198388662095
0.175,-408.53799745643244,235.01665806127738
0.176,-408.3413549209945,234.3370385549946
0.177,-408.1446396185636,233.66310881908097
0.178,-407.94784703080927,232.99485230484467
0.179,-407.7509726394005,232.3322524635941
0.18,-407.5540119260057,231.67529274663744
0.181,-407.35696037229445,231.02395660528305
0.182,-407.15981345993566,230.37822749083927
0.183,-406.9625666705982,229.7380888546143
0.184,-406.7652154859509,229.10352414791652
0.185,-406.56775538766306,228.47451682205414
0.186,-406.3701818574035,227.8510503283355
0.187,-406.172490376841,227.23310811806897
0.188,-405.9746764276449,226.6206736425627
0.189,-405.77673549148403,226.01373035312508
0.19,-405.5786630500272,225.41226170106435
0.191,-405.3804545849438,224.81625113768888
0.192,-405.18210557790246,224.2256821143069
0.193,-404.9836115105719,223.64053808222667
0.194,-404.7849678646219,223.06080249275658
0.195,-404.5861701217208,222.4864587972049
0.196,-404.38721376353794,221.91749044687984
0.197,-404.188094271742,221.35388089308978
0.198,-403.9888071280021,220.79561358714307
0.199,-403.7893478139872,220.24267198034786
0.2,-403.58971181136656,219.6950395240125
0.201,-403.3898946018089,219.1526996694453
0.202,-403.18989166698316,218.61563586795455
0.203,-402.9896984885578,218.08383157084856
0.204,-402.7893105482034,217.5572702294356
0.205,-402.58872332758733,217.035935295024
0.206,-402.3879323083788,216.51981021892195
0.207,-402.1869329722475,216.0088784524379
0.208,-401.9857208008624,215.5031234468801
0.209,-401.7842912758915,215.0025286535567
0.21,-401.5826398790049,214.50707752377613
0.211,-401.3807620918708,214.01675350884668
0.212,-401.17865339615855,213.53154006007662
0.213,-400.976309273537,213.05142062877425
0.214,-400.77372520567553,212.57637866624785
0.215,-400.5708966742426,212.10639762380578
0.216,-400.3678191609072,211.64146095275623
0.217,-400.16448814733883,211.18155210440753
0.218,-399.96089911520573,210.726654530068
0.219,-399.75704754617766,210.2767516810459
0.22,-399.552928921923,209.83182700864967
0.221,-399.34853872411077,209.3918639641874
0.222,-399.1438724344107,208.95684599896748
0.223,-398.9389255344905,208.52675656429815
0.224,-398.7336935060206,208.10157911148778
0.225,-398.5281718306686,207.6812970918446
0.226,-398.3223559901045,207.26589395667696
0.227,-398.1162414659964,206.85535315729314
0.228,-397.9098237400144,206.4496581450014
0.229,-397.70309829382654,206.04879237111
0.23,-397.4960606091021,205.65273928692739
0.231,-397.2887061675099,205.26148234376168
0.232,-397.0810304507196,204.8750049929214
0.233,-396.8730289403992,204.49329068571458
0.234,-396.66469711821844,204.11632287344966
0.235,-396.4560304658461,203.74408500743488
0.236,-396.2470244649511,203.37656053897854
0.237,-396.0376745972022,203.01373291938899
0.238,-395.8279763442688,202.65558559997444
0.239,-395.6179251878192,202.30210203204328
0.24,-395.40751660952344,201.95326566690372
0.241,-395.19674609104925,201.6090599558642
0.242,-394.98560911406673,201.2694683502328
0.243,-394.77410116024487,200.93447430131792
0.244,-394.56221771125115,200.60406126042787
0.245,-394.34995424875626,200.27821267887091
0.246,-394.13730625442827,199.95691200795537
0.247,-393.9242692099367,199.6401426989895
0.248,-393.71083859694954,199.32788820328162
0.249,-393.4970098971371,199.02013197214004
0.25,-393.2827785921678,198.71685745687302
0.251,-393.06814016371015,198.4180481087889
0.252,-392.8530900934335,198.12368737919607
0.253,-392.637623863007,197.8337587194025
0.254,-392.42173695409963,197.54824558071678
0.255,-392.20542484838006,197.2671314144471
0.256,-391.9886830275177,196.9903996719017
0.257,-391.77150697318086,196.71803380438905
0.258,-391.55389216703884,196.45001726321723
0.259,-391.3358340907612,196.18633349969465
0.26,-391.1173282260162,195.92696596512965
0.261,-390.8983700544728,195.67189811083045
0.262,-390.6789550578004,195.42111338810534
0.263,-390.4590787176679,195.1745952482627
0.264,-390.23873651574434,194.93232714261072
0.265,-390.0179239336983,194.69429252245772
0.266,-389.7966364531993,194.460474839112
0.267,-389.5748695559155,194.23085754388185
0.268,-389.35261872351714,194.00542408807559
0.269,-389.12987943767223,193.78415792300157
0.27,-388.90664718004973,193.5670424999679
0.271,-388.68291743231896,193.354061270283
0.272,-388.4586856761489,193.14519768525525
0.273,-388.2339473932086,192.9404351961928
0.274,-388.00869806516664,192.73975725440394
0.275,-387.78293317369264,192.54314731119723
0.276,-387.556648200455,192.35058881788058
0.277,-387.3298386271231,192.1620652257624
0.278,-387.10249993536536,191.97755998615116
0.279,-386.87462760685105,191.79705655035497
0.28,-386.6462171232498,191.62053836968218
0.281,-386.4172639662297,191.44798889544109
0.282,-386.18776361746006,191.27939157894005
0.283,-385.95771155860996,191.11472987148724
0.284,-385.7271032713479,190.95398722439114
0.285,-385.4959342373435,190.79714708895983
0.286,-385.2641999382656,190.64419291650174
0.287,-385.0318958557831,190.49510815832508
0.288,-384.79901747156487,190.34987626573817
0.289,-384.5655602672796,190.20848069004936
0.29,-384.3315197245968,190.07090488256685
0.291,-384.09689132518554,189.93713229459897
0.292,-383.8616705507144,189.80714637745407
0.293,-383.6258528828524,189.68093058244042
0.294,-383.3894338032686,189.55846836086624
0.295,-383.1524087936324,189.43974316404007
0.296,-382.91477333561227,189.3247384432699
0.297,-382.6765229108772,189.21343764986412
0.298,-382.43765300109624,189.105824235131
0.299,-382.1981590879385,189.00188165037895
0.3,-381.9580366530728,188.90159334691623
0.301,-381.71728117816804,188.80494277605098
0.302,-381.4758881448937,188.71191338909165
0.303,-381.23385303491796,188.62248863734658
0.304,-380.9911713299108,188.53665197212393
0.305,-380.74783851153995,188.45438684473208
0.306,-380.50385006147576,188.37567670647923
0.307,-380.2592014613864,188.3005050086739
0.308,-380.0138881929407,188.22885520262412
0.309,-379.7679057378083,188.16071073963823
0.31,-379.5212495776577,188.09605507102455
0.311,-379.27391519415823,188.03487164809147
0.312,-379.0258980689781,187.97714392214726
0.313,-378.77719368378735,187.92285534450016
0.314,-378.527797520254,187.87198936645842
0.315,-378.2777050600479,187.82452943933043
0.316,-378.0269117848371,187.78045901442442
0.317,-377.77541317629186,187.7397615430487
0.318,-377.5232047160798,187.7024204765117
0.319,-377.27028188587053,187.6684192661215
0.32,-377.0166401673332,187.63774136318648
0.321,-376.7622750421366,187.61037021901492
0.322,-376.50718199194966,187.5862892849151
0.323,-376.25135649844106,187.5654820121954
0.324,-375.99479404328065,187.54793185216408
0.325,-375.7374901081366,187.53362225612938
0.326,-375.4794401746782,187.5225366753997
0.327,-375.22063972457454,187.51465856128314
0.328,-374.9610842394944,187.50997136508815
0.329,-374.7007692011066,187.50845853812305
0.33,-374.4396900910806,187.51010353169605
0.331,-374.1778423910848,187.5148897971155
0.332,-373.91522158278883,187.52280078568964
0.333,-373.651823147861,187.53381994872677
0.334,-373.3876425679714,187.54793073753524
0.335,-373.1226753247872,187.5651166034233
0.336,-372.85691689997907,187.58536099769924
0.337,-372.59036277521545,187.60864737167137
0.338,-372.3230084321648,187.63495917664795
0.339,-372.0548493524967,187.66427986393734
0.34,-371.78588101788034,187.6965928848478
0.341,-371.5160989099837,187.73188169068763
0.342,-371.24549851047675,187.77012973276516
0.343,-370.97407530102794,187.8113204623886
0.344,-370.70182476330626,187.8554373308663
0.345,-370.42874237898127,187.90246378950647
0.346,-370.15482362972136,187.9523832896176
0.347,-369.88006399719563,188.0051792825078
0.348,-369.60445896307294,188.06083521948543
0.349,-369.32800400902283,188.11933455185874
0.35,-369.0506946167135,188.18066073093607
0.351,-368.77252626781444,188.24479720802574
0.352,-368.4934944439947,188.311727434436
0.353,-368.21359462692294,188.38143486147516
0.354,-367.9328222982681,188.4539029404515
0.355,-367.65117293969934,188.52911512267335
0.356,-367.36864203288553,188.60705485944897
0.357,-367.085225059496,188.68770560208668
0.358,-366.80091750119936,188.7710508018948
0.359,-366.51571483966507,188.85707391018153
0.36,-366.2296125565616,188.9457583782552
0.361,-365.9426061335581,189.0370876574241
0.362,-365.6546910523231,189.13104519899665
0.363,-365.36586279452627,189.22761445428094
0.364,-365.0761168418368,189.32677887458541
0.365,-364.78544867592245,189.42852191121827
0.366,-364.4938537784534,189.53282701548792
0.367,-364.20132763109825,189.63967763870252
0.368,-363.90786571552553,189.7490572321705
0.369,-363.613463513405,189.86094924719998
0.37,-363.31811650640554,189.97533713509952
0.371,-363.0218201761951,190.0922043471771
0.372,-362.7245700044441,190.21153433474123
0.373,-362.4263614728204,190.33331054910013
0.374,-362.1271900629936,190.45751644156223
0.375,-361.8270512566322,190.5841354634356
0.376,-361.5259405354059,190.71315106602862
0.377,-361.22385338098275,190.84454670064963
0.378,-360.9207852750325,190.97830581860686
0.379,-360.6167316992238,191.11441187120866
0.38,-360.31168813522584,191.25284830976335
0.381,-360.00565006470765,191.39359858557913
0.382,-359.69861296933755,191.53664614996435
0.383,-359.3905723307854,191.6819744542273
0.384,-359.0815236307194,191.82956694967623
0.385,-358.771462350809,191.97940708761962
0.386,-358.46038397272343,192.1314783193655
0.387,-358.1482839781312,192.2857640962223
0.388,-357.8351578487012,192.44224786949832
0.389,-357.5210010661027,192.6009130905018
0.39,-357.2058091120043,192.76174321054114
0.391,-356.889577468076,192.9247216809245
0.392,-356.57230161598534,193.08983195296022
0.393,-356.25397703740225,193.25705747795664
0.394,-355.93459921399574,193.42638170722202
0.395,-355.61416362743444,193.59778809206463
0.396,-355.29266575938766,193.77126008379287
0.397,-354.9701010915238,193.94678113371492
0.398,-354.6464651055122,194.1243346931391
0.399,-354.3217532830221,194.30390421337373
0.4,-353.9959611057218,194.4854731457271
0.401,-353.66908405528113,194.66902494150753
0.402,-353.3411176133686,194.85454305202327
0.403,-353.0120572616528,195.04201092858256
0.404,-352.6818984818035,195.23141202249377
0.405,-352.3506367554894,195.4227297850652
0.406,-352.01826756437936,195.61594766760518
0.407,-351.6847863901421,195.81104912142192
0.408,-351.3501887144472,196.00801759782368
0.409,-351.01447001896304,196.2068365481189
0.41,-350.6776257853593,196.40748942361574
0.411,-350.3396514953041,196.60995967562258
0.412,-350.0005426304675,196.81423075544768
0.413,-349.6602946725176,197.02028611439945
0.414,-349.3189031031233,197.22810920378592
0.415,-348.9763634039544,197.43768347491553
0.416,-348.6326710566797,197.64899237909663
0.417,-348.28782154296704,197.86201936763754
0.418,-347.94181034448684,198.0767478918464
0.419,-347.5946329429072,198.2931614030316
0.42,-347.2462848198977,198.51124335250137
0.421,-346.8967614571269,198.7309771915641
0.422,-346.5460583362639,198.95234637152802
0.423,-346.1941709389777,199.17533434370148
0.424,-345.8410947469371,199.3999245593927
0.425,-345.48682524181135,199.62610046991003
0.426,-345.13135790526917,199.85384552656174
0.427,-344.7746882189801,200.08314318065615
0.428,-344.4168116646127,200.31397688350148
0.429,-344.0577237238356,200.5463300864062
0.43,-343.6974198783183,200.78018624067835
0.431,-343.3358956097296,201.0155287976264
0.432,-342.97314639973865,201.25234120855853
0.433,-342.6091677300139,201.49060692478326
0.434,-342.2439550822253,201.73030939760866
0.435,-341.87750393804083,201.97143207834304
0.436,-341.50980977912997,202.2139584182948
0.437,-341.14086808716166,202.45787186877214
0.438,-340.7706743438047,202.70315588108343
0.439,-340.3992240307287,202.94979390653688
0.44,-340.0265126296018,203.19776939644103
0.441,-339.6525356220934,203.44706580210374
0.442,-339.2772884898728,203.69766657483362
0.443,-338.900766714608,203.9495551659389
0.444,-338.52296577796886,204.20271502672787
0.445,-338.14388116162417,204.45712960850892
0.446,-337.7635083472425,204.7127823625901
0.447,-337.3818428164933,204.96965674027993
0.448,-336.9988800510456,205.22773619288657
0.449,-336.614615532568,205.48700417171838
0.45,-336.2290447427298,205.74744412808363
0.451,-335.8421631631998,206.00903951329065
0.452,-335.4539662756469,206.27177377864763
0.453,-335.06444956174033,206.53563037546303
0.454,-334.6736085031491,206.800592755045
0.455,-334.2814385815418,207.0666443687019
0.456,-333.88793527858775,207.33376866774213
0.457,-333.49309407595587,207.60194910347377
0.458,-333.0969104553151,207.87116912720518
0.459,-332.69937989833437,208.14141219024467
0.46,-332.30049788668293,208.4126617439006
0.461,-331.90025990202923,208.68490123948132
0.462,-331.4986614260428,208.9581141282949
0.463,-331.0956979403922,209.2322838616498
0.464,-330.69136492674704,209.50739389085425
0.465,-330.28565786677535,209.78342766721653
0.466,-329.8785722421469,210.06036864204503
0.467,-329.4701035345306,210.338200266648
0.468,-329.06024722559476,210.61690599233364
0.469,-328.64899879700897,210.89646927041036
0.47,-328.23635373044203,211.17687355218644
0.471,-327.8223075075632,211.45810228897008
0.472,-327.4068556100412,211.74013893206984
0.473,-326.98999351954484,212.02296693279365
0.474,-326.57171671774336,212.3065697424499
0.475,-326.15202068630595,212.59093081234707
0.476,-325.730900906901,212.87603359379332
0.477,-325.30835286119805,213.1618615380971
0.478,-324.88437203086556,213.44839809656642
0.479,-324.4589538975729,213.7356267205097
0.48,-324.0320939429888,214.02353086123537
0.481,-323.6037876487827,214.31209397005156
0.482,-323.174030496623,214.60129949826657
0.483,-322.74281796817905,214.8911308971888
0.484,-322.3101455451198,215.1815716181266
0.485,-321.87600870911405,215.472605112388
0.486,-321.440402941831,215.76421483128146
0.487,-321.0033237249393,216.05638422611526
0.488,-320.5647665401087,216.34909674819767
0.489,-320.1247268690071,216.64233584883706
0.49,-319.6832001933041,216.93608497934167
0.491,-319.24018199466866,217.23032759101977
0.492,-318.79566775476985,217.5250471351798
0.493,-318.3496529552762,217.82022706312983
0.494,-317.9021330778572,218.11585082617827
0.495,-317.4531036041813,218.41190187563342
0.496,-317.0025600159182,218.70836366280355
0.497,-316.5504977947362,219.00521963899692
0.498,-316.0969124223048,219.3024532555219
0.499,-315.6417993802926,219.6000479636868
0.5,-315.1851541503687,219.89798721479994
0.501,-314.7269722142021,220.19625446016937
0.502,-314.26724905346185,220.49483315110362
0.503,-313.8059801498167,220.79370673891094
0.504,-313.3431609849361,221.09285867489956
0.505,-312.8787870404887,221.39227241037784
0.506,-312.41285379814366,221.69193139665404
0.507,-311.9453567395693,221.9918190850365
0.508,-311.4762913464354,222.29191892683352
0.509,-311.0056531004107,222.59221437335333
0.51,-310.53343748316394,222.89268887590418
0.511,-310.05963997636445,223.19332588579445
0.512,-309.58425606168095,223.4941088543325
0.513,-309.1072812207825,223.79502123282643
0.514,-308.6287109353381,224.0960464725847
0.515,-308.14854068701715,224.3971680249156
0.516,-307.6667659574879,224.6983693411274
0.517,-307.1833822284195,224.99963387252836
0.518,-306.69838498148124,225.3009450704267
0.519,-306.211769698342,225.60228638613086
0.52,-305.7235318606706,225.90364127094898
0.521,-305.233666950136,226.20499317618953
0.522,-304.7421704484075,226.50632555316068
0.523,-304.24903783715416,226.80762185317084
0.524,-303.75426459804436,227.10886552752828
0.525,-303.25784621274755,227.41004002754116
0.526,-302.7597781629325,227.71112880451784
0.527,-302.26005593026815,228.0121153097666
0.528,-301.75867499642357,228.31298299459584
0.529,-301.25563084306776,228.61371531031375
0.53,-300.75091895186995,228.91429570822865
0.531,-300.2445348044987,229.21470763964902
0.532,-299.73647388262333,229.51493455588283
0.533,-299.2267316679126,229.81495990823845
0.534,-298.71530364203545,230.11476714802433
0.535,-298.20218528666106,230.41433972654863
0.536,-297.68737208345794,230.71366109511976
0.537,-297.1708595140958,231.01271470504588
0.538,-296.65264306024335,231.31148400763539
0.539,-296.1327182035693,231.60995245419667
0.54,-295.6110804257432,231.9081034960377
0.541,-295.08772520843326,232.20592058446707
0.542,-294.56264803330885,232.50338717079288
0.543,-294.0358443820392,232.80048670632354
0.544,-293.5073097362927,233.09720264236734
0.545,-292.9770395777388,233.39351843023255
0.546,-292.44502938804624,233.68941752122743
0.547,-291.91127464888433,233.98488336666048
0.548,-291.37577084192174,234.27989941783974
0.549,-290.83851344882754,234.57444912607352
0.55,-290.2994979512708,234.8685159426702
0.551,-289.75871983092014,235.16208331893807
0.552,-289.21617456944523,235.45513470618536
0.553,-288.6718576485143,235.7476535557205
0.554,-288.1257645497968,236.03962331885165
0.555,-287.5778907549617,236.33102744688733
0.556,-287.0282317456776,236.62184939113553
0.557,-286.4767830036141,236.91207260290463
0.558,-285.92354001043975,237.201680533503
0.559,-285.3684982478235,237.49065663423886
0.56,-284.81165319743445,237.77898435642064
0.561,-284.25300034094147,238.06664715135645
0.562,-283.6925351600137,238.3536284703547
0.563,-283.13025313631994,238.63991176472382
0.564,-282.5661497515292,238.9254804857718
0.565,-282.0002204873109,239.2103180848071
0.566,-281.4324608253335,239.49440801313796
0.567,-280.8628662472663,239.77773372207275
0.568,-280.291432234778,240.0602786629197
0.569,-279.71815426953776,240.3420262869871
0.57,-279.1430278332143,240.62296004558345
0.571,-278.5660484074771,240.90306339001674
0.572,-277.98721147399493,241.18231977159533
0.573,-277.40651251443654,241.46071264162765
0.574,-276.82394701047104,241.73822545142187
0.575,-276.2395104437679,242.01484165228632
0.576,-275.65319829599514,242.29054469552935
0.577,-275.0650060488224,242.5653180324592
0.578,-274.47492918391833,242.83914511438414
0.579,-273.88296318295204,243.1120093926127
0.58,-273.28910352759306,243.38389431845277
0.581,-272.6933456995093,243.6547833432129
0.582,-272.0956851803705,243.92465991820131
0.583,-271.4961174518454,244.19350749472633
0.584,-270.8946379956032,244.4613095240963
0.585,-270.29124229331256,244.72804945761936
0.586,-269.68592582664274,244.9937107466041
0.587,-269.0786840772626,245.25827684235847
0.588,-268.46951252684124,245.5217311961909
0.589,-267.8584066570474,245.78405725940968
0.59,-267.2453619495498,246.04523848332317
0.591,-266.63037388601833,246.30525831923953
0.592,-266.0134379481212,246.56410021846722
0.593,-265.3945496175279,246.8217476323144
0.594,-264.7737043759071,247.07818401208942
0.595,-264.1508977049278,247.33339280910073
0.596,-263.52612508625833,247.58735747465633
0.597,-262.8993820015691,247.84006146006467
0.598,-262.27066393252784,248.09148821663396
0.599,-261.63996636080464,248.3416211956726
0.6,-261.0072847680672,248.5904438484888
0.601,-260.37261463598566,248.83793962639095
0.602,-259.7359514462282,249.08409198068748
0.603,-259.09729068046425,249.32888436268624
0.604,-258.4566278203627,249.57230022369586
0.605,-257.8139583475925,249.8143230150245
0.606,-257.1692777438224,250.05493618798053
0.607,-256.5225814907218,250.29412319387222
0.608,-255.8738650699595,250.53186748400788
0.609,-255.22312396320433,250.76815250969594
0.61,-254.57035365212573,251.00296172224424
0.611,-253.91554961839216,251.2362785729617
0.612,-253.25870734367288,251.46808651315612
0.613,-252.5998223096364,251.698368994136
0.614,-251.9388899979523,251.92710946720956
0.615,-251.27590589028938,252.15429138368515
0.616,-250.61086546831643,252.37989819487103
0.617,-249.94376421370282,252.60391335207555
0.618,-249.2745976081173,252.8263203066072
0.619,-248.60336113322865,253.04710250977377
0.62,-247.9300502707061,253.26624341288388
0.621,-247.25466050221848,253.48372646724576
0.622,-246.57718730943503,253.6995351241677
0.623,-245.89762617402477,253.91365283495804
0.624,-245.21597257765598,254.12606305092504
0.625,-244.53222200199838,254.33674922337718
0.626,-243.84636992872095,254.5456948036224
0.627,-243.15841183949254,254.7528832429692
0.628,-242.4683432159818,254.95829799272582
0.629,-241.77615953985782,255.16192250420056
0.63,-241.08185629278972,255.36374022870177
0.631,-240.38542895644667,255.56373461753768
0.632,-239.68687301249707,255.76188912201658
0.633,-238.9861839426107,255.95818719344686
0.634,-238.28335722845554,256.1526122831369
0.635,-237.57838835170185,256.3451478423947
0.636,-236.8712727940175,256.53577732252865
0.637,-236.16200603707193,256.72448417484713
0.638,-235.45058356253412,256.91125185065835
0.639,-234.73700085207275,257.0960638012707
0.64,-234.02125338735726,257.2789034779924
0.641,-233.30333665005662,257.459754332132
0.642,-232.5832461218394,257.6385998149973
0.643,-231.86097728437477,257.81542337789693
0.644,-231.13652561933174,257.99020847213905
0.645,-230.4098866083798,258.1629385490321
0.646,-229.68105573318695,258.33359705988426
0.647,-228.95002847542253,258.5021674560038
0.648,-228.2168003167559,258.6686331886992
0.649,-227.4813667388554,258.8329777092785
0.65,-226.74372322339082,258.99518446905034
0.651,-226.0038652520305,259.15523691932265
0.652,-225.26178830644352,259.31311851140384
0.653,-224.51748786829904,259.4688126966022
0.654,-223.7709594192658,259.62230292622615
0.655,-223.0221984410132,259.7735726515838
0.656,-222.27120041520993,259.9226053239836
0.657,-221.5179608235249,260.0693843947339
0.658,-220.76247514762753,260.21389331514274
0.659,-220.00473886918581,260.35611553651853
0.66,-219.24474746987005,260.49603451016964
0.661,-218.48249643134818,260.6336336874042
0.662,-217.71798123529015,260.7688965195307
0.663,-216.95119736336392,260.90180645785733
0.664,-216.1821402972388,261.03234695369235
0.665,-215.41080551858397,261.1605014583442
0.666,-214.63718850906827,261.28625342312125
0.667,-213.8612847503607,261.4095862993314
0.668,-213.0830897241305,261.53048353828314
0.669,-212.302598912046,261.6489285912848
0.67,-211.51980779577718,261.76490490964466
0.671,-210.73471185699185,261.87839594467107
0.672,-209.94730657735988,261.98938514767224
0.673,-209.15758743854985,262.09785596995675
0.674,-208.36554992223103,262.2037918628324
0.675,-207.57118951007214,262.30717627760777
0.676,-206.77450168374213,262.40799266559105
0.677,-205.97548192491013,262.50622447809064
0.678,-205.1741257152451,262.6018551664148
0.679,-204.37042853641663,262.6948681818718
0.68,-203.5643858700925,262.78524697577
0.681,-202.75599319794196,262.8729749994176
0.682,-201.9452460016347,262.9580357041231
0.683,-201.13213976283924,263.0404125411945
0.684,-200.31666996322457,263.12008896194016
0.685,-199.49883208445988,263.19704841766855
0.686,-198.67862160821358,263.27127435968777
0.687,-197.85603401615538,263.3427502393062
0.688,-197.03106478995323,263.41145950783215
0.689,-196.2037094112777,263.47738561657417
0.69,-195.37396336179677,263.54051201684
0.691,-194.5418221231791,263.6008221599382
0.692,-193.7072811770945,263.65829949717715
0.693,-192.87033600521153,263.712927479865
0.694,-192.0309820891992,263.7646895593102
0.695,-191.18921491072638,263.813569186821
0.696,-190.34502995146227,263.85954981370577
0.697,-189.49842269307624,263.9026148912724
0.698,-188.64938861723664,263.9427478708298
0.699,-187.797923205612,263.97993220368573
0.7,-186.9440219398722,264.0141513411487
0.701,-186.08768030168574,264.045388734527
0.702,-185.22889377272202,264.073627835129
0.703,-184.36765783464938,264.09885209426284
0.704,-183.50396796913776,264.12104496323695
0.705,-182.63781965785512,264.1401898933597
0.706,-181.76920838247116,264.15627033593915
0.707,-180.89812962465464,264.16926974228363
0.708,-180.0245788660743,264.1791715637015
0.709,-179.14855158839936,264.18595925150106
0.71,-178.2700432732987,264.1896162569907
0.711,-177.38904940244157,264.1901260314785
0.712,-176.50556545749652,264.1874720262731
0.713,-175.6195869201331,264.1816376926824
0.714,-174.73110927202015,264.1726064820149
0.715,-173.84012799482616,264.16036184557873
0.716,-172.94663857022005,264.14488723468236
0.717,-172.0506364798715,264.12616610063407
0.718,-171.15211720544897,264.104181894742
0.719,-170.25107622862163,264.0789180683147
0.72,-169.34750903105845,264.05035807266023
0.721,-168.4414110944286,264.01848535908726
0.722,-167.53277790040073,263.98328337890354
0.723,-166.62160493064385,263.94473558341764
0.724,-165.70788766682716,263.9028254239379
0.725,-164.7916215906195,263.85753635177247
0.726,-163.87280218368994,263.80885181822975
0.727,-162.9514249277073,263.75675527461806
0.728,-162.02748530434081,263.70123017224586
0.729,-161.10097879525904,263.64225996242095
0.73,-160.17190088213164,263.579828096452
0.731,-159.24024704662747,263.5139180256472
0.732,-158.30601277041484,263.44451320131486
0.733,-157.36919353516265,263.3715970747632
0.734,-156.4297848225408,263.2951530973006
0.735,-155.48778211421785,263.2151647202354
0.736,-154.5431808918628,263.1316153948758
0.737,-153.5959766371443,263.0444885725303
0.738,-152.64616483173148,262.9537677045069
0.739,-151.69374095729387,262.859436242114
0.74,-150.73870049549987,262.7614776366599
0.741,-149.78103892801886,262.6598753394528
0.742,-148.82075173651907,262.5546128018012
0.743,-147.8578344026704,262.4456734750133
0.744,-146.89228240814117,262.3330408103976
0.745,-145.92409123460095,262.216698259262
0.746,-144.9532563637183,262.09662927291487
0.747,-143.97977327716205,261.97281730266474
0.748,-143.00363745660167,261.8452457998197
0.749,-142.02484438370624,261.71389821568823
0.75,-141.04338954014406,261.57875800157836
0.751,-140.05926840758428,261.43980860879867
0.752,-139.07247646769605,261.29703348865723
0.753,-138.08300920214845,261.1504160924627
0.754,-137.09086209261054,260.9999398715229
0.755,-136.09603062075078,260.84558827714625
0.756,-135.0985102682388,260.6873447606411
0.757,-134.09829651674295,260.5251927733159
0.758,-133.0953848479327,260.35911576647874
0.759,-132.08977074347675,260.1890971914379
0.76,-131.08144968504448,260.01512049950213
0.761,-130.07041715430404,259.8371691419791
0.762,-129.05666863292564,259.6552265701773
0.763,-128.04019960257747,259.46927623540506
0.764,-127.02100554492827,259.2793015889708
0.765,-125.99908194164774,259.0852860821826
0.766,-124.97442427440467,258.88721316634906
0.767,-123.9470280248674,258.6850662927781
0.768,-122.91688867470572,258.4788289127782
0.769,-121.88400170558779,258.268484477658
0.77,-120.84836259918356,258.0540164387251
0.771,-119.80996683716103,257.83540824728817
0.772,-118.76880990118991,257.6126433546554
0.773,-117.72488727293913,257.3857052121353
0.774,-116.67819443407708,257.15457727103586
0.775,-115.62872686627352,256.91924298266565
0.776,-114.57648005119654,256.6796857983331
0.777,-113.52144947051613,256.43588916934596
0.778,-112.46363060590085,256.1878365470128
0.779,-111.40301893901918,255.93551138264195
0.78,-110.33960995154067,255.6788971275417
0.781,-109.27339912513426,255.41797723302034
0.782,-108.20438194146882,255.1527351503861
0.783,-107.13255388221407,254.88315433094743
0.784,-106.05791042903743,254.60921822601276
0.785,-104.98044706360855,254.33091028688986
0.786,-103.90015926759725,254.04821396488728
0.787,-102.81704252267107,253.7611127113134
0.788,-101.73109231050034,253.4695899774764
0.789,-100.6423041127531,253.1736292146847
0.79,-99.55067341109878,252.8732138742465
0.791,-98.45619568720622,252.56832740747006
0.792,-97.35886642274463,252.2589532656641
0.793,-96.25868109938256,251.94507490013626
0.794,-95.15563519878947,251.6266757621951
0.795,-94.04972420263417,251.30373930314897
0.796,-92.94094359258523,250.97624897430615
0.797,-91.82928885031228,250.64418822697485
0.798,-90.71475545748416,250.3075405124635
0.799,-89.59733889576941,249.9662892820806
0.8,-88.4770346468371,249.6204179871339
0.801,-87.35383819235759,249.26991007893204
0.802,-86.22774501399769,248.91474900878316
0.803,-85.09875059342721,248.55491822799559
0.804,-83.96685041231592,248.19040118787774
0.805,-82.83203995233157,247.8211813397378
0.806,-81.69431469514387,247.4472421348841
0.807,-80.55367012242158,247.0685670246249
0.808,-79.41010171583457,246.68513946026889
0.809,-78.26360495705015,246.29694289312368
0.81,-77.11417532773828,245.90396077449788
0.811,-75.96180830956854,245.50617655569982
0.812,-74.80649938420845,245.10357368803776
0.813,-73.64824403332727,244.69613562281995
0.814,-72.487037738595,244.28384581135475
0.815,-71.32287598168094,243.86668770495078
0.816,-70.15575424425228,243.44464475491569
0.817,-68.98566800797914,243.01770041255804
0.818,-67.81261275453122,242.58583812918627
0.819,-66.63658396557554,242.14904135610848
0.82,-65.45757712278234,241.70729354463305
0.821,-64.27558770782076,241.2605781460683
0.822,-63.090611202358815,240.80887861172243
0.823,-61.9026430880659,240.35217839290416
0.824,-60.71167884661145,239.89046094092112
0.825,-59.51771395966489,239.42370970708188
0.826,-58.32074390889369,238.95190814269483
0.827,-57.12076417596714,238.47503969906816
0.828,-55.91777024255612,237.9930878275102
0.829,-54.711757590327096,237.50603597932925
0.83,-53.5027217009503,237.01386760583358
0.831,-52.290658056094514,236.5165661583319
0.832,-51.07556213742956,236.01411508813177
0.833,-49.85742942662267,235.5064978465418
0.834,-48.636255405344,234.99369788487033
0.835,-47.41203555526289,234.47569865442557
0.836,-46.184765358047684,233.95248360651607
0.837,-44.954440295366766,233.42403619244982
0.838,-43.72105584889056,232.89033986353522
0.839,-42.48460750028647,232.3513780710809
0.84,-41.24509073122445,231.80713426639446
0.841,-40.00250102337364,231.2575919007846
0.842,-38.756833858402246,230.70273442555956
0.843,-37.50808471797964,230.14254529202768
0.844,-36.25624908377489,229.5770079514972
0.845,-35.001322437457475,229.00610585527642
0.846,-33.74330026069504,228.4298224546737
0.847,-32.4821780351576,227.8481412009976
0.848,-31.21795124251406,227.2610455455558
0.849,-29.95061536443353,226.66851893965685
0.85,-28.680165882584305,226.0705448346091
0.851,-27.406598278635315,225.46710668172082
0.852,-26.12990803425714,224.85818793230032
0.853,-24.85009063111727,224.24377203765607
0.854,-23.5671415508846,223.62384244909606
0.855,-22.28105627522902,222.99838261792902
0.856,-20.991830285818224,222.36737599546262
0.857,-19.699459064322127,221.73080603300548
0.858,-18.403938092410485,221.08865618186584
0.859,-17.105262851750595,220.44090989335206
0.86,-15.803428824011931,219.78755061877243
0.861,-14.498431490864107,219.1285618094352
0.862,-13.190266333976012,218.46392691664906
0.863,-11.878928835016012,217.7936293917216
0.864,-10.564414475653393,217.11765268596142
0.865,-9.246718737557785,216.43598025067686
0.866,-7.925837102396883,215.74859553717624
0.867,-6.601765051840573,215.05548199676775
0.868,-5.274498067557175,214.35662308075982
0.869,-3.944031631217271,213.6520022404606
0.87,-2.6103612244881162,212.94160292717868
0.871,-1.2734823290390977,212.2254085922223
0.872,0.06660957346012708,211.50340268689922
0.873,1.4099190013418905,210.77556866251814
0.874,2.7564504729363364,210.04188997038727
0.875,4.106208506573807,209.302350061815
0.876,5.4591976205868065,208.55693238810957
0.877,6.815422333305648,207.80562040057924
0.878,8.174887163061243,207.0483975505327
0.879,9.537596628184332,206.28524728927758
0.88,10.903555247006508,205.5161530681224
0.881,12.272767537858826,204.7410983383756
0.882,13.645238019071257,203.96006655134542
0.883,15.020971208976277,203.17304115834008
0.884,16.3999716259046,202.38000561066798
0.885,17.78224378818669,201.5809433596374
0.886,19.16779221415311,200.7758378565569
0.887,20.55662142213592,199.96467255273416
0.888,21.94873593046553,199.14743089947802
0.889,23.344140257472844,198.3240963480963
0.89,24.74283892149012,197.49465234989756
0.891,26.14483644084747,196.6590823561901
0.892,27.550137333875014,195.81736981828223
0.893,28.958746118905637,194.96949818748217
0.894,30.370667314269298,194.1154509150986
0.895,31.785905438296986,193.25521145243914
0.896,33.20446500931946,192.3887632508124
0.897,34.626350545668416,191.51608976152667
0.898,36.051566565675074,190.63717443589022
0.899,37.48011758766874,189.75200072521147
0.9,38.912008129982695,188.86055208079858
0.901,40.34724271094675,187.96281195396026
0.902,41.78582584889227,187.0587637960041
0.903,43.22776206214953,186.1483910582387
0.904,44.67305586905052,185.2316771919724
0.905,46.121711787924475,184.3086056485137
0.906,47.57373433710537,183.37915987917043
0.907,49.02912803492265,182.44332333525116
0.908,50.487897399707265,181.50107946806412
0.909,51.95004694978957,180.55241172891766
0.91,53.415581203502065,179.59730356912044
0.911,54.88450467917493,178.63573843998
0.912,56.356821895139454,177.667699792805
0.913,57.83253736972547,176.69317107890373
0.914,59.311655621266,175.71213574958443
0.915,60.79418116809086,174.72457725615556
0.916,62.280118528530714,173.7304790499252
0.917,63.769472220917955,172.7298245822022
0.918,65.26224676358257,171.72259730429406
0.919,66.758446674856,170.7087806675094
0.92,68.25807647306817,169.68835812315646
0.921,69.76114067655169,168.6613131225437
0.922,71.26764380363564,167.62762911697945
0.923,72.77759037265345,166.58728955777173
0.924,74.29098490193529,165.540277896229
0.925,75.80783190981174,164.4865775836595
0.926,77.32813591461324,163.42617207137195
0.927,78.85190143467202,162.35904481067385
0.928,80.37913298831877,161.28517925287392
0.929,81.90983509388332,160.20455884928046
0.93,83.44401226969866,159.11716705120176
0.931,84.98166903409502,158.02298730994605
0.932,86.52280990540316,156.92200307682162
0.933,88.06743940195304,155.81419780313726
0.934,89.61556204207808,154.69955494020047
0.935,91.16718234410767,153.57805793931985
0.936,92.72230482637362,152.4496902518037
0.937,94.2809340072053,151.31443532896037
0.938,95.84307440493663,150.17227662209817
0.939,97.408730537896,149.02319758252534
0.94,98.97790692441428,147.86718166155038
0.941,100.55060808282491,146.7042123104812
0.942,102.12683853145752,145.53427298062675
0.943,103.70660278864261,144.3573471232944
0.944,105.2899053727126,143.17341818979293
0.945,106.87675080199736,141.9824696314306
0.946,108.46714359482782,140.78448489951572
0.947,110.06108826953596,139.57944744535658
0.948,111.65858934445211,138.36734072026152
0.949,113.25965133790771,137.14814817553915
0.95,114.86427876823286,135.92185326249702
0.951,116.47247615376,134.68843943244383
0.952,118.08424801281888,133.4478901366878
0.953,119.69959886374082,132.2001888265373
0.954,121.31853322485784,130.94531895330064
0.955,122.94105561449982,129.68326396828607
0.956,124.56717055099807,128.4140073228023
0.957,126.1968825526825,127.13753246815658
0.958,127.83019613788665,125.85382285565852
0.959,129.46711582493998,124.56286193661526
0.96,131.10764613217304,123.26463316233558
0.961,132.75179157791825,121.95911998412774
0.962,134.39955668050587,120.64630585330012
0.963,136.05094595826614,119.32617422116093
0.964,137.70596392953203,117.99870853901844
0.965,139.3646151126328,116.66389225818145
0.966,141.0269040259006,115.32170882995737
0.967,142.69283518766485,113.97214170565495
0.968,144.36241311625827,112.61517433658246
0.969,146.03564233001165,111.25079017404815
0.97,147.71252734725465,109.87897266936032
0.971,149.39307268632007,108.49970527382737
0.972,151.07728286553765,107.11297143875794
0.973,152.76516240323977,105.71875461545947
0.974,154.4567158177543,104.31703825524093
0.975,156.15194762741623,102.90780580941012
0.976,157.85086235055473,101.49104072927561
0.977,159.55346450550064,100.06672646614562
0.978,161.25975861058606,98.6348464713286
0.979,162.96974918414062,97.19538419613268
0.98,164.68344074449553,95.7483230918662
0.981,166.40083780998282,94.29364660983792
0.982,168.12194489893292,92.83133820135525
0.983,169.84676652967732,91.36138131772695
0.984,171.5753072205452,89.88375941026125
0.985,173.3075714898697,88.3984559302665
0.986,175.0435638559815,86.90545432905098
0.987,176.78328883721008,85.40473805792294
0.988,178.52675095188903,83.89629056819119
0.989,180.27395471834762,82.3800953111631
0.99,182.0249046549169,80.85613573814739
0.991,183.77960527992707,79.32439530045238
0.992,185.53806111171093,77.78485744938666
0.993,187.30027666859834,76.23750563625796
0.994,189.0662564689218,74.6823233123748
0.995,190.8360050310112,73.11929392904575
0.996,192.6095268731976,71.54840093757862
0.997,194.38682651381163,69.96962778928196
0.998,196.16790847118546,68.38295793546408
0.999,197.95277726364898,66.78837482743349
1.0,199.74143740953326,65.18586191649797
